{
  "advancedEditorSelectedIdentifier" : "BehaviorsPluginID",
  "openSceneRelativePaths" : [
    "Immersive.usda"
  ],
  "recentIdentifiers" : {
    "002B1BDB-819B-4E64-A87B-B75E2F5B3CC2" : [

    ],
    "1D572CEB-057A-41C3-B575-04C37501A3C0" : [

    ],
    "1DB15FB2-81FF-4247-810A-EBE12EF36BA3" : [

    ]
  },
  "sceneCameraHistory" : {
    "1D572CEB-057A-41C3-B575-04C37501A3C0" : [
      {
        "date" : 767087633.784743,
        "title" : "Untitled",
        "transform" : [
          0.9994619,
          0.0003107739,
          -0.03280035,
          0,
          -0.005158201,
          0.9890031,
          -0.14780514,
          0,
          0.03239373,
          0.14789471,
          0.9884725,
          0,
          2.497358,
          0.7421223,
          6.388056,
          1
        ]
      },
      {
        "date" : 767087304.129039,
        "title" : "Untitled",
        "transform" : [
          0.9998015,
          0.00031077437,
          -0.01992096,
          0,
          -0.0035542173,
          0.9866216,
          -0.16298856,
          0,
          0.019603787,
          0.16302696,
          0.98642683,
          0,
          1.234954,
          0.9799395,
          -0.24871969,
          1
        ]
      },
      {
        "date" : 767087296.867231,
        "title" : "Untitled",
        "transform" : [
          -0.58110464,
          0.00031077742,
          0.8138288,
          0,
          0.41961288,
          0.85694176,
          0.29929227,
          0,
          -0.69731086,
          0.51541317,
          -0.49810323,
          0,
          -41.55259,
          12.013836,
          -89.32483,
          1
        ]
      },
      {
        "date" : 767087286.859661,
        "title" : "Untitled",
        "transform" : [
          0.036691487,
          -7.880216e-09,
          0.9993267,
          0,
          0.4086773,
          0.9125555,
          -0.01500509,
          0,
          -0.9119411,
          0.40895265,
          0.033483047,
          0,
          -13.990055,
          0.89517033,
          -79.99639,
          1
        ]
      },
      {
        "date" : 767087275.824058,
        "title" : "Untitled",
        "transform" : [
          -0.58006454,
          -1.903774e-08,
          0.81457055,
          0,
          0.5273458,
          0.762158,
          0.3755286,
          0,
          -0.6208312,
          0.6473914,
          -0.44210067,
          0,
          -272.23596,
          148.83174,
          -54.231335,
          1
        ]
      },
      {
        "date" : 767087255.258752,
        "title" : "Untitled",
        "transform" : [
          -0.40347192,
          -1.9316138e-08,
          0.91499203,
          0,
          0.3910654,
          0.9040638,
          0.1724429,
          0,
          -0.8272111,
          0.42739782,
          -0.3647643,
          0,
          -290.38623,
          91.17007,
          -13.521484,
          1
        ]
      },
      {
        "date" : 767087202.798631,
        "title" : "Untitled",
        "transform" : [
          0.63880414,
          -1.4289817e-08,
          0.7693695,
          0,
          0.11731903,
          0.9883055,
          -0.0974095,
          0,
          -0.760372,
          0.15248749,
          0.6313336,
          0,
          -30.172293,
          6.332515,
          14.308026,
          1
        ]
      },
      {
        "date" : 767087190.040866,
        "title" : "Untitled",
        "transform" : [
          0.9629524,
          -1.1986279e-09,
          0.26967165,
          0,
          0.13127884,
          0.873508,
          -0.46877494,
          0,
          -0.23556027,
          0.48681027,
          0.84114635,
          0,
          -42.989628,
          51.96001,
          77.68,
          1
        ]
      },
      {
        "date" : 767087173.37429,
        "title" : "Untitled",
        "transform" : [
          0.98535246,
          2.3390567e-09,
          -0.17052983,
          0,
          -0.13523243,
          0.6092044,
          -0.7813975,
          0,
          0.10388751,
          0.79301333,
          0.600281,
          0,
          1.1491928,
          11.690125,
          6.2949886,
          1
        ]
      },
      {
        "date" : 767057233.733155,
        "title" : "Untitled",
        "transform" : [
          0.98535246,
          2.3390567e-09,
          -0.17052983,
          0,
          -0.13523243,
          0.6092044,
          -0.7813975,
          0,
          0.1038875,
          0.7930132,
          0.60028094,
          0,
          -0.08743974,
          1.028379,
          -0.1469903,
          1
        ]
      }
    ],
    "69D5EC21-9986-4FB9-A305-F3E790A27330" : [
      {
        "date" : 765689937.096622,
        "title" : "Untitled",
        "transform" : [
          0.990055,
          2.980336e-09,
          -0.14068082,
          0,
          -0.022422474,
          0.9872164,
          -0.15780057,
          0,
          0.13888243,
          0.15938564,
          0.9773986,
          0,
          1.3248677,
          0.80705035,
          4.498005,
          1
        ]
      }
    ],
    "9E208371-958C-470E-BECE-8373E404B665" : [
      {
        "date" : 766190741.083793,
        "title" : "Untitled",
        "transform" : [
          -0.92084736,
          -0.00017442636,
          -0.38992321,
          0,
          -0.15581477,
          0.9168525,
          0.3675639,
          0,
          0.35743797,
          0.39922607,
          -0.84430844,
          0,
          0.06891025,
          0.9597459,
          -0.08947642,
          1
        ]
      },
      {
        "date" : 766190231.571115,
        "title" : "Untitled",
        "transform" : [
          -0.9102719,
          3.643546e-09,
          0.414011,
          0,
          0.08087866,
          0.9807328,
          0.17782515,
          0,
          -0.40603417,
          0.1953539,
          -0.8927335,
          0,
          -0.4658171,
          0.72332656,
          -0.1868654,
          1
        ]
      },
      {
        "date" : 766190208.970811,
        "title" : "Untitled",
        "transform" : [
          -0.28773665,
          0.00022231278,
          -0.95770955,
          0,
          -0.43992734,
          0.8882228,
          0.13237906,
          0,
          0.85068893,
          0.45941293,
          -0.25547647,
          0,
          2.0288885,
          1.5524276,
          -0.574574,
          1
        ]
      }
    ]
  },
  "sceneViewportBackgroundColors" : {

  },
  "selectedSceneRelativePath" : "Untitled Scene.usda"
}