{
  "advancedEditorSelectedIdentifier" : "ProjectBrowser",
  "openSceneRelativePaths" : [
    "Immersive.usda",
    "TestPlaceScenes\/Test.usda"
  ],
  "recentIdentifiers" : {
    "002B1BDB-819B-4E64-A87B-B75E2F5B3CC2" : [

    ],
    "1D572CEB-057A-41C3-B575-04C37501A3C0" : [

    ],
    "1DB15FB2-81FF-4247-810A-EBE12EF36BA3" : [

    ]
  },
  "sceneCameraHistory" : {
    "1D572CEB-057A-41C3-B575-04C37501A3C0" : [
      {
        "date" : 765530758.469589,
        "title" : "Untitled",
        "transform" : [
          -0.9755028,
          1.3935741e-07,
          -0.21998647,
          0,
          -0.07566323,
          0.9389897,
          0.33551982,
          0,
          0.20656514,
          0.34394553,
          -0.9159871,
          0,
          0.1965812,
          3.3767188,
          -6.845115,
          1
        ]
      },
      {
        "date" : 765530520.818801,
        "title" : "Untitled",
        "transform" : [
          -0.7789618,
          1.3305343e-07,
          -0.6270713,
          0,
          -0.41592136,
          0.74837494,
          0.51666677,
          0,
          0.46928453,
          0.6632761,
          -0.5829553,
          0,
          2.125567,
          5.5990047,
          -4.735988,
          1
        ]
      },
      {
        "date" : 765530276.506186,
        "title" : "Untitled",
        "transform" : [
          -0.9964682,
          1.252228e-07,
          -0.08397066,
          0,
          -0.030425591,
          0.93204707,
          0.36105767,
          0,
          0.078264706,
          0.36233726,
          -0.9287552,
          0,
          -0.23394172,
          1.0931584,
          -2.100154,
          1
        ]
      },
      {
        "date" : 765530272.090903,
        "title" : "Untitled",
        "transform" : [
          -0.41043285,
          1.2982716e-07,
          -0.91189086,
          0,
          -0.119842954,
          0.9913264,
          0.053940214,
          0,
          0.9039815,
          0.13142247,
          -0.40687278,
          0,
          6.8824687,
          2.064756,
          -4.7203407,
          1
        ]
      },
      {
        "date" : 765530267.505296,
        "title" : "Untitled",
        "transform" : [
          -0.9935404,
          1.3395073e-07,
          -0.11347882,
          0,
          0.012963432,
          0.9934536,
          -0.11349782,
          0,
          0.11273602,
          -0.1142358,
          -0.98703635,
          0,
          -0.5090359,
          -4.6437024e-05,
          -8.582196,
          1
        ]
      },
      {
        "date" : 765530266.278142,
        "title" : "Untitled",
        "transform" : [
          -0.9935404,
          1.3395073e-07,
          -0.11347882,
          0,
          0.012963432,
          0.9934536,
          -0.11349782,
          0,
          0.11273602,
          -0.1142358,
          -0.98703635,
          0,
          -0.51063794,
          0.0015770033,
          -8.568169,
          1
        ]
      },
      {
        "date" : 765530259.726038,
        "title" : "Untitled",
        "transform" : [
          -0.99552035,
          1.371445e-07,
          0.0945475,
          0,
          0.07962998,
          0.5391311,
          0.83844894,
          0,
          -0.05097329,
          0.84222186,
          -0.53671604,
          0,
          -0.37749904,
          1.5719109,
          -0.7361223,
          1
        ]
      },
      {
        "date" : 765530243.920136,
        "title" : "Untitled",
        "transform" : [
          -0.9931819,
          1.1397293e-07,
          0.11657451,
          0,
          0.09790256,
          0.54285294,
          0.8341018,
          0,
          -0.06328257,
          0.8398278,
          -0.5391517,
          0,
          -0.39086393,
          1.5694568,
          -0.74565494,
          1
        ]
      },
      {
        "date" : 765530234.226321,
        "title" : "Untitled",
        "transform" : [
          -0.997273,
          1.1352342e-07,
          -0.07380025,
          0,
          -0.030351054,
          0.91151786,
          0.41013905,
          0,
          0.06727043,
          0.41126055,
          -0.90903217,
          0,
          -0.25576556,
          1.1307764,
          -1.0561082,
          1
        ]
      },
      {
        "date" : 765530231.95508,
        "title" : "Untitled",
        "transform" : [
          -0.743869,
          1.1403901e-07,
          -0.66832554,
          0,
          -0.1607488,
          0.970643,
          0.17891899,
          0,
          0.64870566,
          0.24052484,
          -0.7220311,
          0,
          0.33205888,
          0.9629055,
          -0.9101242,
          1
        ]
      }
    ]
  },
  "sceneViewportBackgroundColors" : {

  },
  "selectedSceneRelativePath" : "Immersive.usda"
}