{
  "advancedEditorSelectedIdentifier" : "ProjectBrowser",
  "openSceneRelativePaths" : [
    "Immersive.usda",
    "TestPlaceScenes\/Test.usda",
    "BisonFoods\/bison assets.usda"
  ],
  "recentIdentifiers" : {
    "002B1BDB-819B-4E64-A87B-B75E2F5B3CC2" : [

    ],
    "1D572CEB-057A-41C3-B575-04C37501A3C0" : [

    ],
    "1DB15FB2-81FF-4247-810A-EBE12EF36BA3" : [

    ]
  },
  "sceneCameraHistory" : {
    "1D572CEB-057A-41C3-B575-04C37501A3C0" : [
      {
        "date" : 765690289.919201,
        "title" : "Untitled",
        "transform" : [
          -0.16374029,
          -3.928993e-08,
          -0.9865034,
          0,
          -0.75979733,
          0.6378118,
          0.12611148,
          0,
          0.6292035,
          0.77019227,
          -0.10443555,
          0,
          105.378784,
          52.37723,
          -158.83347,
          1
        ]
      },
      {
        "date" : 765690286.140881,
        "title" : "Untitled",
        "transform" : [
          0.33901164,
          -4.1524494e-08,
          -0.9407821,
          0,
          0.05603139,
          0.9982248,
          0.020190915,
          0,
          0.9391121,
          -0.05955829,
          0.3384098,
          0,
          120.77052,
          2.0317655,
          -132.27394,
          1
        ]
      },
      {
        "date" : 765690282.624517,
        "title" : "Untitled",
        "transform" : [
          0.3390117,
          -3.999189e-08,
          -0.9407822,
          0,
          0.05603138,
          0.99822485,
          0.020190945,
          0,
          0.93911207,
          -0.059558295,
          0.33840993,
          0,
          295.20114,
          -3.517973,
          -102.47511,
          1
        ]
      },
      {
        "date" : 765689998.507352,
        "title" : "Untitled",
        "transform" : [
          0.06730859,
          -3.8168064e-08,
          -0.9977322,
          0,
          -0.6195017,
          0.783882,
          -0.041792598,
          0,
          0.7821043,
          0.6209098,
          0.05276201,
          0,
          2567.6426,
          1885.425,
          369.55347,
          1
        ]
      },
      {
        "date" : 765689982.713672,
        "title" : "Untitled",
        "transform" : [
          0.06730856,
          -3.6966846e-08,
          -0.9977322,
          0,
          -0.6195017,
          0.78388196,
          -0.04179265,
          0,
          0.78210425,
          0.62090987,
          0.052761924,
          0,
          2.546375,
          2.3686376,
          0.59269726,
          1
        ]
      },
      {
        "date" : 765689972.163066,
        "title" : "Untitled",
        "transform" : [
          -0.6217708,
          -3.844727e-08,
          -0.78319925,
          0,
          -0.78161293,
          0.063613266,
          0.6205114,
          0,
          0.049821805,
          0.9979745,
          -0.039552897,
          0,
          0.10906193,
          1.4683807,
          -0.08244723,
          1
        ]
      },
      {
        "date" : 765689965.084292,
        "title" : "Untitled",
        "transform" : [
          0.83689326,
          -4.851908e-08,
          -0.547366,
          0,
          -0.17917792,
          0.94490457,
          -0.27395353,
          0,
          0.5172087,
          0.32734582,
          0.7907843,
          0,
          0.07487488,
          0.6671915,
          0.24660778,
          1
        ]
      },
      {
        "date" : 765689948.375353,
        "title" : "Untitled",
        "transform" : [
          0.83689326,
          -5.3868902e-08,
          -0.54736596,
          0,
          -0.1791779,
          0.9449046,
          -0.27395356,
          0,
          0.51720864,
          0.32734576,
          0.79078436,
          0,
          4.600387,
          2.623005,
          5.464442,
          1
        ]
      },
      {
        "date" : 765689920.037454,
        "title" : "Untitled",
        "transform" : [
          0.9631657,
          -1.5079191e-08,
          0.26890847,
          0,
          0.1939073,
          0.69284105,
          -0.69452953,
          0,
          -0.18631083,
          0.7210903,
          0.6673207,
          0,
          0.11978912,
          1.3014362,
          0.33233055,
          1
        ]
      },
      {
        "date" : 765689320.492968,
        "title" : "Untitled",
        "transform" : [
          0.9631658,
          -1.6513837e-08,
          0.2689085,
          0,
          0.19390726,
          0.6928411,
          -0.6945295,
          0,
          -0.1863108,
          0.7210904,
          0.6673208,
          0,
          -0.39861566,
          1.5168049,
          0.6750221,
          1
        ]
      }
    ],
    "69D5EC21-9986-4FB9-A305-F3E790A27330" : [
      {
        "date" : 765689937.096622,
        "title" : "Untitled",
        "transform" : [
          0.990055,
          2.980336e-09,
          -0.14068082,
          0,
          -0.022422474,
          0.9872164,
          -0.15780057,
          0,
          0.13888243,
          0.15938564,
          0.9773986,
          0,
          1.3248677,
          0.80705035,
          4.498005,
          1
        ]
      }
    ]
  },
  "sceneViewportBackgroundColors" : {

  },
  "selectedSceneRelativePath" : "Immersive.usda"
}