{
  "advancedEditorSelectedIdentifier" : "ShaderGraphEditorPluginID",
  "openSceneRelativePaths" : [
    "Immersive.usda"
  ],
  "recentIdentifiers" : {
    "002B1BDB-819B-4E64-A87B-B75E2F5B3CC2" : [

    ],
    "1D572CEB-057A-41C3-B575-04C37501A3C0" : [

    ],
    "1DB15FB2-81FF-4247-810A-EBE12EF36BA3" : [

    ]
  },
  "sceneCameraHistory" : {
    "1D572CEB-057A-41C3-B575-04C37501A3C0" : [
      {
        "date" : 767045860.571543,
        "title" : "Untitled",
        "transform" : [
          0.9936103,
          1.02424735e-11,
          -0.112864494,
          0,
          -0.040022712,
          0.9350148,
          -0.3523429,
          0,
          0.10552988,
          0.35460877,
          0.92904043,
          0,
          0.40362972,
          1.2521063,
          -0.32696366,
          1
        ]
      },
      {
        "date" : 767045855.749421,
        "title" : "Untitled",
        "transform" : [
          0.94383115,
          -1.06560094e-10,
          -0.330428,
          0,
          -0.12692416,
          0.923283,
          -0.36254492,
          0,
          0.30507848,
          0.38412055,
          0.8714233,
          0,
          0.6496954,
          1.2893882,
          -0.4260676,
          1
        ]
      },
      {
        "date" : 767045848.490103,
        "title" : "Untitled",
        "transform" : [
          0.21406917,
          4.121542e-10,
          -0.97681856,
          0,
          -0.41908816,
          0.9032884,
          -0.09184292,
          0,
          0.88234884,
          0.42903385,
          0.19336624,
          0,
          1.3624909,
          1.3498089,
          -1.3947455,
          1
        ]
      },
      {
        "date" : 767045844.758478,
        "title" : "Untitled",
        "transform" : [
          0.9998504,
          5.4535865e-10,
          -0.017299773,
          0,
          -0.007273897,
          0.9073101,
          -0.42039907,
          0,
          0.01569626,
          0.42046204,
          0.9071744,
          0,
          0.40736943,
          1.1011778,
          -0.7444828,
          1
        ]
      },
      {
        "date" : 767045837.068511,
        "title" : "Untitled",
        "transform" : [
          0.69984233,
          -9.036991e-05,
          -0.71429735,
          0,
          -0.31797805,
          0.8954106,
          -0.31165653,
          0,
          0.6396176,
          0.44524097,
          0.6266176,
          0,
          0.95900744,
          1.3414562,
          0.7133875,
          1
        ]
      },
      {
        "date" : 767045832.648056,
        "title" : "Untitled",
        "transform" : [
          0.6005334,
          -9.037047e-05,
          -0.7995995,
          0,
          -0.3969718,
          0.8680241,
          -0.29824093,
          0,
          0.6940988,
          0.49652177,
          0.5212418,
          0,
          1.1970154,
          1.4601765,
          0.56553084,
          1
        ]
      },
      {
        "date" : 767045826.007112,
        "title" : "Untitled",
        "transform" : [
          -0.8254668,
          -9.0371956e-05,
          -0.56445056,
          0,
          -0.22147596,
          0.91985744,
          0.32374474,
          0,
          0.51918495,
          0.3922524,
          -0.7593319,
          0,
          0.7027012,
          1.3152862,
          -1.1724919,
          1
        ]
      },
      {
        "date" : 767045821.234992,
        "title" : "Untitled",
        "transform" : [
          -0.951784,
          -9.0365924e-05,
          -0.3067691,
          0,
          -0.08496977,
          0.96095246,
          0.26334462,
          0,
          0.2947669,
          0.27671292,
          -0.914627,
          0,
          0.37030512,
          1.1542308,
          -1.3490417,
          1
        ]
      },
      {
        "date" : 767045817.4321,
        "title" : "Untitled",
        "transform" : [
          -0.53752816,
          -9.03657e-05,
          0.84324586,
          0,
          0.31142032,
          0.92928433,
          0.1986149,
          0,
          -0.78363323,
          0.36936465,
          -0.4994885,
          0,
          -1.082534,
          1.2843926,
          -0.59329474,
          1
        ]
      },
      {
        "date" : 767045804.268827,
        "title" : "Untitled",
        "transform" : [
          -0.98821384,
          -9.036925e-05,
          -0.1530802,
          0,
          -0.040430397,
          0.96464574,
          0.26043016,
          0,
          0.14764461,
          0.26354945,
          -0.95328003,
          0,
          0.06111736,
          1.14204,
          -1.4451654,
          1
        ]
      }
    ],
    "69D5EC21-9986-4FB9-A305-F3E790A27330" : [
      {
        "date" : 765689937.096622,
        "title" : "Untitled",
        "transform" : [
          0.990055,
          2.980336e-09,
          -0.14068082,
          0,
          -0.022422474,
          0.9872164,
          -0.15780057,
          0,
          0.13888243,
          0.15938564,
          0.9773986,
          0,
          1.3248677,
          0.80705035,
          4.498005,
          1
        ]
      }
    ],
    "9E208371-958C-470E-BECE-8373E404B665" : [
      {
        "date" : 766190741.083793,
        "title" : "Untitled",
        "transform" : [
          -0.92084736,
          -0.00017442636,
          -0.38992321,
          0,
          -0.15581477,
          0.9168525,
          0.3675639,
          0,
          0.35743797,
          0.39922607,
          -0.84430844,
          0,
          0.06891025,
          0.9597459,
          -0.08947642,
          1
        ]
      },
      {
        "date" : 766190231.571115,
        "title" : "Untitled",
        "transform" : [
          -0.9102719,
          3.643546e-09,
          0.414011,
          0,
          0.08087866,
          0.9807328,
          0.17782515,
          0,
          -0.40603417,
          0.1953539,
          -0.8927335,
          0,
          -0.4658171,
          0.72332656,
          -0.1868654,
          1
        ]
      },
      {
        "date" : 766190208.970811,
        "title" : "Untitled",
        "transform" : [
          -0.28773665,
          0.00022231278,
          -0.95770955,
          0,
          -0.43992734,
          0.8882228,
          0.13237906,
          0,
          0.85068893,
          0.45941293,
          -0.25547647,
          0,
          2.0288885,
          1.5524276,
          -0.574574,
          1
        ]
      }
    ]
  },
  "sceneViewportBackgroundColors" : {

  },
  "selectedSceneRelativePath" : "Untitled Scene.usda"
}