{
  "advancedEditorSelectedIdentifier" : "ProjectBrowser",
  "openSceneRelativePaths" : [
    "Immersive.usda"
  ],
  "recentIdentifiers" : {
    "002B1BDB-819B-4E64-A87B-B75E2F5B3CC2" : [

    ],
    "1D572CEB-057A-41C3-B575-04C37501A3C0" : [

    ],
    "1DB15FB2-81FF-4247-810A-EBE12EF36BA3" : [

    ]
  },
  "sceneCameraHistory" : {
    "1D572CEB-057A-41C3-B575-04C37501A3C0" : [
      {
        "date" : 766205879.0793,
        "title" : "Untitled",
        "transform" : [
          0.01077742,
          7.310952e-11,
          -0.999942,
          0,
          -0.8939058,
          0.44815144,
          -0.009634558,
          0,
          0.44812536,
          0.8939577,
          0.0048299157,
          0,
          0.47259027,
          0.8722152,
          -0.787416,
          1
        ]
      },
      {
        "date" : 766205849.61894,
        "title" : "Untitled",
        "transform" : [
          -0.0073422994,
          -8.86196e-07,
          -0.99997306,
          0,
          -0.99936384,
          0.034899518,
          0.0073377714,
          0,
          0.03489853,
          0.9993908,
          -0.0002571571,
          0,
          0.25842884,
          0.7982787,
          -0.7401829,
          1
        ]
      },
      {
        "date" : 766205840.718655,
        "title" : "Untitled",
        "transform" : [
          -0.0073422994,
          -8.86196e-07,
          -0.99997306,
          0,
          -0.99936384,
          0.034899518,
          0.0073377714,
          0,
          0.03489853,
          0.9993908,
          -0.0002571571,
          0,
          0.2674684,
          1.1027057,
          -0.9569304,
          1
        ]
      },
      {
        "date" : 766205827.934886,
        "title" : "Untitled",
        "transform" : [
          0.6838248,
          -8.861436e-07,
          -0.72964627,
          0,
          -0.7076431,
          0.24372566,
          -0.6632037,
          0,
          0.1778341,
          0.9698442,
          0.16666497,
          0,
          0.20100431,
          0.7881397,
          -0.6629258,
          1
        ]
      },
      {
        "date" : 766205819.535989,
        "title" : "Untitled",
        "transform" : [
          0.6838248,
          -8.577866e-07,
          -0.72964627,
          0,
          -0.70764303,
          0.2437257,
          -0.66320366,
          0,
          0.17783414,
          0.9698443,
          0.16666508,
          0,
          0.2949421,
          1.1000692,
          -0.55163634,
          1
        ]
      },
      {
        "date" : 766205661.620774,
        "title" : "Untitled",
        "transform" : [
          0.71487385,
          -8.580838e-07,
          -0.69925344,
          0,
          -0.6805678,
          0.22963013,
          -0.69577116,
          0,
          0.16057028,
          0.97327805,
          0.164156,
          0,
          0.27536017,
          1.103964,
          -0.55448234,
          1
        ]
      },
      {
        "date" : 766205647.992031,
        "title" : "Untitled",
        "transform" : [
          -0.044210467,
          -8.586706e-07,
          -0.99902225,
          0,
          -0.8018189,
          0.5965127,
          0.035482965,
          0,
          0.5959294,
          0.80260366,
          -0.026372805,
          0,
          0.5003055,
          1.0230141,
          -0.7496923,
          1
        ]
      },
      {
        "date" : 766205636.029429,
        "title" : "Untitled",
        "transform" : [
          -0.044210467,
          -8.586706e-07,
          -0.99902225,
          0,
          -0.8018189,
          0.5965127,
          0.035482965,
          0,
          0.5959294,
          0.80260366,
          -0.026372805,
          0,
          0.28597504,
          0.7577636,
          -0.9391628,
          1
        ]
      },
      {
        "date" : 766205623.745391,
        "title" : "Untitled",
        "transform" : [
          -0.04421042,
          -7.903886e-07,
          -0.99902225,
          0,
          -0.8018189,
          0.59651273,
          0.035482965,
          0,
          0.5959295,
          0.80260366,
          -0.026372716,
          0,
          0.48566917,
          1.1100066,
          -0.82249033,
          1
        ]
      },
      {
        "date" : 766205591.401354,
        "title" : "Untitled",
        "transform" : [
          -0.044210188,
          -5.798901e-07,
          -0.9990223,
          0,
          -0.80181885,
          0.59651273,
          0.035482943,
          0,
          0.59592944,
          0.8026037,
          -0.026372377,
          0,
          0.3475084,
          1.5141153,
          -1.1149423,
          1
        ]
      }
    ],
    "69D5EC21-9986-4FB9-A305-F3E790A27330" : [
      {
        "date" : 765689937.096622,
        "title" : "Untitled",
        "transform" : [
          0.990055,
          2.980336e-09,
          -0.14068082,
          0,
          -0.022422474,
          0.9872164,
          -0.15780057,
          0,
          0.13888243,
          0.15938564,
          0.9773986,
          0,
          1.3248677,
          0.80705035,
          4.498005,
          1
        ]
      }
    ],
    "9E208371-958C-470E-BECE-8373E404B665" : [
      {
        "date" : 766190741.083793,
        "title" : "Untitled",
        "transform" : [
          -0.92084736,
          -0.00017442636,
          -0.38992321,
          0,
          -0.15581477,
          0.9168525,
          0.3675639,
          0,
          0.35743797,
          0.39922607,
          -0.84430844,
          0,
          0.06891025,
          0.9597459,
          -0.08947642,
          1
        ]
      },
      {
        "date" : 766190231.571115,
        "title" : "Untitled",
        "transform" : [
          -0.9102719,
          3.643546e-09,
          0.414011,
          0,
          0.08087866,
          0.9807328,
          0.17782515,
          0,
          -0.40603417,
          0.1953539,
          -0.8927335,
          0,
          -0.4658171,
          0.72332656,
          -0.1868654,
          1
        ]
      },
      {
        "date" : 766190208.970811,
        "title" : "Untitled",
        "transform" : [
          -0.28773665,
          0.00022231278,
          -0.95770955,
          0,
          -0.43992734,
          0.8882228,
          0.13237906,
          0,
          0.85068893,
          0.45941293,
          -0.25547647,
          0,
          2.0288885,
          1.5524276,
          -0.574574,
          1
        ]
      }
    ]
  },
  "sceneViewportBackgroundColors" : {

  },
  "selectedSceneRelativePath" : "Untitled Scene.usda"
}