{
  "advancedEditorSelectedIdentifier" : "BehaviorsPluginID",
  "openSceneRelativePaths" : [
    "Immersive.usda",
    "TestPlaceScenes\/Test.usda"
  ],
  "recentIdentifiers" : {
    "002B1BDB-819B-4E64-A87B-B75E2F5B3CC2" : [

    ],
    "1D572CEB-057A-41C3-B575-04C37501A3C0" : [

    ],
    "1DB15FB2-81FF-4247-810A-EBE12EF36BA3" : [

    ]
  },
  "sceneCameraHistory" : {
    "1D572CEB-057A-41C3-B575-04C37501A3C0" : [
      {
        "date" : 765685939.914442,
        "title" : "Untitled",
        "transform" : [
          0.95670164,
          -0.00029057692,
          0.2910702,
          0,
          0.18364923,
          0.77643,
          -0.602851,
          0,
          -0.22582047,
          0.63020337,
          0.7428654,
          0,
          -0.13426456,
          0.94735944,
          1.0181916,
          1
        ]
      },
      {
        "date" : 765685897.340732,
        "title" : "Untitled",
        "transform" : [
          0.95670164,
          -0.00029057692,
          0.2910702,
          0,
          0.18364924,
          0.77643013,
          -0.60285103,
          0,
          -0.22582047,
          0.63020337,
          0.7428654,
          0,
          -0.26725888,
          1.1333704,
          1.2181102,
          1
        ]
      },
      {
        "date" : 765685895.279863,
        "title" : "Untitled",
        "transform" : [
          0.35661188,
          -0.0002905709,
          0.9342526,
          0,
          0.8428923,
          0.43139666,
          -0.3216047,
          0,
          -0.40294,
          0.9021624,
          0.1540861,
          0,
          -0.33589172,
          1.6245728,
          -0.11463928,
          1
        ]
      },
      {
        "date" : 765539888.049555,
        "title" : "Untitled",
        "transform" : [
          0.35661197,
          -0.0002906319,
          0.9342526,
          0,
          0.84289235,
          0.43139675,
          -0.32160476,
          0,
          -0.40294003,
          0.9021624,
          0.15408623,
          0,
          -204.6998,
          224.63928,
          -140.20444,
          1
        ]
      },
      {
        "date" : 765539883.25245,
        "title" : "Untitled",
        "transform" : [
          0.4862982,
          -0.0002906318,
          0.87379295,
          0,
          0.8732657,
          0.03489831,
          -0.4859931,
          0,
          -0.03035265,
          0.9993909,
          0.017224794,
          0,
          -95.17518,
          308.84912,
          -159.35872,
          1
        ]
      },
      {
        "date" : 765539880.570442,
        "title" : "Untitled",
        "transform" : [
          -8.873594e-05,
          -0.00029063108,
          1,
          0,
          0.6865504,
          0.72708213,
          0.00027225647,
          0,
          -0.72708225,
          0.6865504,
          0.00013503396,
          0,
          -245.84512,
          122.08203,
          -238.39604,
          1
        ]
      },
      {
        "date" : 765539875.285694,
        "title" : "Untitled",
        "transform" : [
          0.98670816,
          -0.0002906349,
          0.16250196,
          0,
          0.0599993,
          0.9299915,
          -0.36265114,
          0,
          -0.15102002,
          0.36758086,
          0.91764766,
          0,
          -1.4011056,
          3.2305896,
          3.3095305,
          1
        ]
      },
      {
        "date" : 765536633.566564,
        "title" : "Untitled",
        "transform" : [
          0.98670816,
          -0.0002906349,
          0.16250196,
          0,
          0.059999306,
          0.9299916,
          -0.36265117,
          0,
          -0.15102004,
          0.3675809,
          0.9176478,
          0,
          -0.11474976,
          0.9936778,
          0.5567591,
          1
        ]
      },
      {
        "date" : 765536628.238279,
        "title" : "Untitled",
        "transform" : [
          0.92510563,
          -0.00029063423,
          0.37970984,
          0,
          0.11199974,
          0.9557178,
          -0.27213892,
          0,
          -0.36281633,
          0.29428467,
          0.88417244,
          0,
          -0.27760726,
          0.9357743,
          0.5145882,
          1
        ]
      },
      {
        "date" : 765536601.669765,
        "title" : "Untitled",
        "transform" : [
          0.92510563,
          -0.00029063012,
          0.37970984,
          0,
          0.11199972,
          0.9557178,
          -0.27213895,
          0,
          -0.36281633,
          0.2942846,
          0.8841725,
          0,
          -0.08270912,
          0.93498176,
          0.54656386,
          1
        ]
      }
    ]
  },
  "sceneViewportBackgroundColors" : {

  },
  "selectedSceneRelativePath" : "Immersive.usda"
}