{
  "advancedEditorSelectedIdentifier" : "BehaviorsPluginID",
  "openSceneRelativePaths" : [
    "Immersive.usda"
  ],
  "recentIdentifiers" : {
    "002B1BDB-819B-4E64-A87B-B75E2F5B3CC2" : [

    ],
    "1D572CEB-057A-41C3-B575-04C37501A3C0" : [

    ],
    "1DB15FB2-81FF-4247-810A-EBE12EF36BA3" : [

    ]
  },
  "sceneCameraHistory" : {
    "1D572CEB-057A-41C3-B575-04C37501A3C0" : [
      {
        "date" : 765931592.835037,
        "title" : "Untitled",
        "transform" : [
          -0.99198735,
          -2.6073153e-08,
          0.12633672,
          0,
          0.065787554,
          0.85372025,
          0.5165594,
          0,
          -0.10785626,
          0.5207318,
          -0.8468798,
          0,
          -0.27901444,
          0.980295,
          -1.5929942,
          1
        ]
      },
      {
        "date" : 765931583.859493,
        "title" : "Untitled",
        "transform" : [
          -0.8111003,
          -2.629088e-08,
          -0.58490694,
          0,
          -0.34200037,
          0.81124306,
          0.4742577,
          0,
          0.47450173,
          0.584709,
          -0.65799963,
          0,
          0.27999088,
          1.0409775,
          -1.4399405,
          1
        ]
      },
      {
        "date" : 765931551.618671,
        "title" : "Untitled",
        "transform" : [
          -0.26395506,
          -1.9995303e-08,
          0.96453494,
          0,
          0.3605741,
          0.9274964,
          0.098674834,
          0,
          -0.8946028,
          0.37383208,
          -0.24481733,
          0,
          -0.99034894,
          0.8426221,
          -1.0018208,
          1
        ]
      },
      {
        "date" : 765931541.459847,
        "title" : "Untitled",
        "transform" : [
          -0.6987424,
          -1.9560483e-08,
          0.71537334,
          0,
          0.30089968,
          0.90723747,
          0.29390433,
          0,
          -0.6490135,
          0.420619,
          -0.6339252,
          0,
          -0.77606136,
          0.8861724,
          -1.3722129,
          1
        ]
      },
      {
        "date" : 765931539.700679,
        "title" : "Untitled",
        "transform" : [
          -0.55665773,
          -1.955982e-08,
          0.8307419,
          0,
          0.43314603,
          0.8533146,
          0.29023945,
          0,
          -0.7088842,
          0.5213966,
          -0.47500414,
          0,
          -0.83718544,
          0.98083055,
          -1.2269113,
          1
        ]
      },
      {
        "date" : 765931529.951301,
        "title" : "Untitled",
        "transform" : [
          -0.98619616,
          -1.8322435e-08,
          -0.16558117,
          0,
          -0.0618051,
          0.92772615,
          0.36810932,
          0,
          0.15361395,
          0.37326172,
          -0.9149199,
          0,
          -0.034608126,
          0.8420927,
          -1.6510016,
          1
        ]
      },
      {
        "date" : 765931526.943801,
        "title" : "Untitled",
        "transform" : [
          -0.99513304,
          -1.8424196e-08,
          0.09854024,
          0,
          0.03746226,
          0.9249158,
          0.37832186,
          0,
          -0.09114141,
          0.3801721,
          -0.9204142,
          0,
          -0.26209033,
          0.84850997,
          -1.6504191,
          1
        ]
      },
      {
        "date" : 765931522.851942,
        "title" : "Untitled",
        "transform" : [
          -0.26044053,
          -1.8762796e-08,
          0.96548986,
          0,
          0.2944675,
          0.95235467,
          0.079432495,
          0,
          -0.9194887,
          0.30499282,
          -0.24803175,
          0,
          -0.9631977,
          0.7689835,
          -0.9925272,
          1
        ]
      },
      {
        "date" : 765931484.518908,
        "title" : "Untitled",
        "transform" : [
          -0.26044053,
          -1.8762796e-08,
          0.96548986,
          0,
          0.2944675,
          0.95235467,
          0.079432495,
          0,
          -0.9194887,
          0.30499282,
          -0.24803175,
          0,
          -0.91165733,
          0.7572658,
          -0.98012686,
          1
        ]
      },
      {
        "date" : 765931481.039315,
        "title" : "Untitled",
        "transform" : [
          -0.8935515,
          -1.8576252e-08,
          -0.4489606,
          0,
          -0.15478472,
          0.93869,
          0.30806294,
          0,
          0.42143482,
          0.34476236,
          -0.8387679,
          0,
          0.17381719,
          0.78988487,
          -1.4967237,
          1
        ]
      }
    ],
    "69D5EC21-9986-4FB9-A305-F3E790A27330" : [
      {
        "date" : 765689937.096622,
        "title" : "Untitled",
        "transform" : [
          0.990055,
          2.980336e-09,
          -0.14068082,
          0,
          -0.022422474,
          0.9872164,
          -0.15780057,
          0,
          0.13888243,
          0.15938564,
          0.9773986,
          0,
          1.3248677,
          0.80705035,
          4.498005,
          1
        ]
      }
    ]
  },
  "sceneViewportBackgroundColors" : {

  },
  "selectedSceneRelativePath" : "Immersive.usda"
}