{
  "advancedEditorSelectedIdentifier" : "BehaviorsPluginID",
  "openSceneRelativePaths" : [
    "Immersive.usda",
    "EsmeTestingScene.usda"
  ],
  "recentIdentifiers" : {
    "1D572CEB-057A-41C3-B575-04C37501A3C0" : [

    ],
    "1DB15FB2-81FF-4247-810A-EBE12EF36BA3" : [

    ]
  },
  "sceneCameraHistory" : {
    "1D572CEB-057A-41C3-B575-04C37501A3C0" : [
      {
        "date" : 764545505.010712,
        "title" : "Untitled",
        "transform" : [
          -0.5390637,
          3.1195162e-09,
          -0.84226507,
          0,
          -0.19698064,
          0.97226787,
          0.12607093,
          0,
          0.81890714,
          0.23387025,
          -0.5241142,
          0,
          4.4540205,
          2.181642,
          -3.146444,
          1
        ]
      },
      {
        "date" : 764545432.18841,
        "title" : "Untitled",
        "transform" : [
          -0.06748931,
          5.2280322e-09,
          -0.99772,
          0,
          -0.17114873,
          0.9851772,
          0.011577155,
          0,
          0.98293096,
          0.17153996,
          -0.06648896,
          0,
          -0.1655412,
          0.81579745,
          0.037679408,
          1
        ]
      },
      {
        "date" : 764545419.587186,
        "title" : "Untitled",
        "transform" : [
          -0.9443318,
          -3.3603653e-09,
          -0.32899448,
          0,
          -0.23442173,
          0.70163155,
          0.6728742,
          0,
          0.23083292,
          0.71254,
          -0.662573,
          0,
          -81.07464,
          130.74881,
          -94.76187,
          1
        ]
      },
      {
        "date" : 764545412.684075,
        "title" : "Untitled",
        "transform" : [
          -0.5491118,
          -2.3010198e-09,
          -0.83574903,
          0,
          -0.26939872,
          0.9466225,
          0.17700286,
          0,
          0.7911389,
          0.322344,
          -0.5198015,
          0,
          -28.602264,
          23.402803,
          -26.803719,
          1
        ]
      },
      {
        "date" : 764544319.402432,
        "title" : "Untitled",
        "transform" : [
          -0.2858175,
          4.786782e-10,
          -0.95828414,
          0,
          -0.14589164,
          0.9883431,
          0.04351358,
          0,
          0.9471136,
          0.15224256,
          -0.2824857,
          0,
          0.9812498,
          1.083456,
          0.09160733,
          1
        ]
      },
      {
        "date" : 764544311.681966,
        "title" : "Untitled",
        "transform" : [
          -0.27955335,
          3.1673686e-10,
          -0.9601302,
          0,
          -0.10979154,
          0.9934404,
          0.03196711,
          0,
          0.95383215,
          0.11435068,
          -0.27771953,
          0,
          1.0290637,
          0.813794,
          0.12552619,
          1
        ]
      },
      {
        "date" : 764544308.747721,
        "title" : "Untitled",
        "transform" : [
          -0.30083948,
          5.0429605e-10,
          -0.9536748,
          0,
          -0.17683081,
          0.9826592,
          0.05578179,
          0,
          0.93713737,
          0.18542045,
          -0.29562265,
          0,
          0.9102526,
          1.3195722,
          -0.0018837452,
          1
        ]
      },
      {
        "date" : 764544302.192214,
        "title" : "Untitled",
        "transform" : [
          -0.28402615,
          -6.6838646e-11,
          -0.95881647,
          0,
          -0.09229435,
          0.9953562,
          0.027339963,
          0,
          0.954364,
          0.09625862,
          -0.28270724,
          0,
          1.0328479,
          0.6850391,
          0.09003091,
          1
        ]
      },
      {
        "date" : 764544298.71272,
        "title" : "Untitled",
        "transform" : [
          -0.27947614,
          4.5280452e-10,
          -0.9601526,
          0,
          -0.18023452,
          0.9822236,
          0.05246171,
          0,
          0.9430846,
          0.18771446,
          -0.27450806,
          0,
          0.9525763,
          1.3358978,
          0.14838153,
          1
        ]
      },
      {
        "date" : 764544292.137066,
        "title" : "Untitled",
        "transform" : [
          -0.22910173,
          8.077299e-10,
          -0.9734025,
          0,
          -0.22794624,
          0.97219455,
          0.053649828,
          0,
          0.94633657,
          0.23417468,
          -0.22273144,
          0,
          1.2178954,
          0.8783357,
          0.75964403,
          1
        ]
      }
    ]
  },
  "sceneViewportBackgroundColors" : {

  },
  "selectedSceneRelativePath" : "Immersive.usda"
}