{
  "advancedEditorSelectedIdentifier" : "BehaviorsPluginID",
  "openSceneRelativePaths" : [
    "Immersive.usda"
  ],
  "recentIdentifiers" : {
    "002B1BDB-819B-4E64-A87B-B75E2F5B3CC2" : [

    ],
    "1D572CEB-057A-41C3-B575-04C37501A3C0" : [

    ],
    "1DB15FB2-81FF-4247-810A-EBE12EF36BA3" : [

    ]
  },
  "sceneCameraHistory" : {
    "1D572CEB-057A-41C3-B575-04C37501A3C0" : [
      {
        "date" : 766966593.712663,
        "title" : "Untitled",
        "transform" : [
          0.9999868,
          -0.00021926581,
          0.0051283184,
          0,
          8.8827095e-05,
          0.9996776,
          0.025391877,
          0,
          -0.005131955,
          -0.025391195,
          0.99966437,
          0,
          -0.41563806,
          0.9341222,
          0.07606244,
          1
        ]
      },
      {
        "date" : 766966506.880736,
        "title" : "Untitled",
        "transform" : [
          0.7113801,
          -0.00021926581,
          0.70280755,
          0,
          0.07618685,
          0.99413097,
          -0.07680621,
          0,
          -0.6986656,
          0.10818299,
          0.7072218,
          0,
          -0.9511267,
          1.0519521,
          -0.36635557,
          1
        ]
      },
      {
        "date" : 766966500.105844,
        "title" : "Untitled",
        "transform" : [
          0.9759628,
          -0.0002192595,
          -0.21793726,
          0,
          0.015525103,
          0.99752885,
          0.06852134,
          0,
          0.21738394,
          -0.07025788,
          0.9735543,
          0,
          -0.211189,
          0.8941939,
          0.11248052,
          1
        ]
      },
      {
        "date" : 766966454.753835,
        "title" : "Untitled",
        "transform" : [
          0.96823955,
          -0.00021925954,
          -0.2500245,
          0,
          -0.008278217,
          0.99942327,
          -0.0329339,
          0,
          0.24988776,
          0.033957552,
          0.967679,
          0,
          -0.1825097,
          0.9857402,
          0.1078465,
          1
        ]
      },
      {
        "date" : 766966448.301587,
        "title" : "Untitled",
        "transform" : [
          0.99563414,
          -0.0002192697,
          0.09334209,
          0,
          0.0033248465,
          0.99944586,
          -0.033118352,
          0,
          -0.09328285,
          0.033284012,
          0.9950831,
          0,
          1.0142746,
          0.85320556,
          0.74861133,
          1
        ]
      },
      {
        "date" : 766966441.33958,
        "title" : "Untitled",
        "transform" : [
          0.99563414,
          -0.0002192697,
          0.09334209,
          0,
          0.0033248465,
          0.99944586,
          -0.033118352,
          0,
          -0.09328285,
          0.033284012,
          0.9950831,
          0,
          0.21958408,
          0.6902782,
          -0.2806493,
          1
        ]
      },
      {
        "date" : 766966375.513097,
        "title" : "Untitled",
        "transform" : [
          0.9667954,
          -0.00021927095,
          0.2555516,
          0,
          0.09719085,
          0.9251708,
          -0.36689636,
          0,
          -0.23634818,
          0.3795509,
          0.89447224,
          0,
          0.14611249,
          0.87055314,
          -0.33872038,
          1
        ]
      },
      {
        "date" : 766966363.604995,
        "title" : "Untitled",
        "transform" : [
          0.96679527,
          -0.00021927092,
          0.25555158,
          0,
          0.09719085,
          0.9251708,
          -0.36689636,
          0,
          -0.23634818,
          0.3795509,
          0.89447224,
          0,
          0.12145254,
          1.1960185,
          0.26037043,
          1
        ]
      },
      {
        "date" : 766966353.480596,
        "title" : "Untitled",
        "transform" : [
          0.9225106,
          -0.000219271,
          0.38597143,
          0,
          0.14840922,
          0.9233228,
          -0.3541888,
          0,
          -0.3562984,
          0.3840246,
          0.85180783,
          0,
          -0.025449187,
          1.2011216,
          0.2413835,
          1
        ]
      },
      {
        "date" : 766966286.195357,
        "title" : "Untitled",
        "transform" : [
          0.93521583,
          -0.00021926827,
          0.3540784,
          0,
          0.1251964,
          0.9356074,
          -0.3300981,
          0,
          -0.3312058,
          0.3530422,
          0.87502235,
          0,
          0.006440133,
          1.1724237,
          0.24117959,
          1
        ]
      }
    ],
    "69D5EC21-9986-4FB9-A305-F3E790A27330" : [
      {
        "date" : 765689937.096622,
        "title" : "Untitled",
        "transform" : [
          0.990055,
          2.980336e-09,
          -0.14068082,
          0,
          -0.022422474,
          0.9872164,
          -0.15780057,
          0,
          0.13888243,
          0.15938564,
          0.9773986,
          0,
          1.3248677,
          0.80705035,
          4.498005,
          1
        ]
      }
    ],
    "9E208371-958C-470E-BECE-8373E404B665" : [
      {
        "date" : 766190741.083793,
        "title" : "Untitled",
        "transform" : [
          -0.92084736,
          -0.00017442636,
          -0.38992321,
          0,
          -0.15581477,
          0.9168525,
          0.3675639,
          0,
          0.35743797,
          0.39922607,
          -0.84430844,
          0,
          0.06891025,
          0.9597459,
          -0.08947642,
          1
        ]
      },
      {
        "date" : 766190231.571115,
        "title" : "Untitled",
        "transform" : [
          -0.9102719,
          3.643546e-09,
          0.414011,
          0,
          0.08087866,
          0.9807328,
          0.17782515,
          0,
          -0.40603417,
          0.1953539,
          -0.8927335,
          0,
          -0.4658171,
          0.72332656,
          -0.1868654,
          1
        ]
      },
      {
        "date" : 766190208.970811,
        "title" : "Untitled",
        "transform" : [
          -0.28773665,
          0.00022231278,
          -0.95770955,
          0,
          -0.43992734,
          0.8882228,
          0.13237906,
          0,
          0.85068893,
          0.45941293,
          -0.25547647,
          0,
          2.0288885,
          1.5524276,
          -0.574574,
          1
        ]
      }
    ]
  },
  "sceneViewportBackgroundColors" : {

  },
  "selectedSceneRelativePath" : "Untitled Scene.usda"
}