{
  "advancedEditorSelectedIdentifier" : "BehaviorsPluginID",
  "openSceneRelativePaths" : [
    "Immersive.usda",
    "TestPlaceScenes\/Test.usda"
  ],
  "recentIdentifiers" : {
    "002B1BDB-819B-4E64-A87B-B75E2F5B3CC2" : [

    ],
    "1D572CEB-057A-41C3-B575-04C37501A3C0" : [

    ],
    "1DB15FB2-81FF-4247-810A-EBE12EF36BA3" : [

    ]
  },
  "sceneCameraHistory" : {
    "1D572CEB-057A-41C3-B575-04C37501A3C0" : [
      {
        "date" : 765610535.5794,
        "title" : "Untitled",
        "transform" : [
          0.9988654,
          -0.0002904548,
          0.047621675,
          0,
          -0.00086946593,
          0.9997035,
          0.024334366,
          0,
          -0.047614742,
          -0.024348175,
          0.998569,
          0,
          1.0763974,
          0.6514353,
          0.6218989,
          1
        ]
      },
      {
        "date" : 765610466.498942,
        "title" : "Untitled",
        "transform" : [
          0.91930056,
          -0.00029045486,
          -0.39355627,
          0,
          0.00552955,
          0.9999106,
          0.012178422,
          0,
          0.39351743,
          -0.013371831,
          0.91922,
          0,
          0.8320617,
          0.8286784,
          -0.42698094,
          1
        ]
      },
      {
        "date" : 765610441.641778,
        "title" : "Untitled",
        "transform" : [
          0.4206624,
          -0.00029047465,
          -0.90721726,
          0,
          -0.5047437,
          0.8308631,
          -0.23430775,
          0,
          0.75384146,
          0.5564766,
          0.34936637,
          0,
          2.7627146,
          1.8106306,
          1.222462,
          1
        ]
      },
      {
        "date" : 765610440.050355,
        "title" : "Untitled",
        "transform" : [
          0.80509436,
          -0.00029047282,
          -0.59314656,
          0,
          -0.17969966,
          0.95288366,
          -0.24437803,
          0,
          0.5652706,
          0.3033356,
          0.76710916,
          0,
          1.6463504,
          1.0170813,
          2.1029084,
          1
        ]
      },
      {
        "date" : 765610432.640455,
        "title" : "Untitled",
        "transform" : [
          0.4970024,
          -0.00029049112,
          -0.8677492,
          0,
          -0.5002788,
          0.81698376,
          -0.2868076,
          0,
          0.7090204,
          0.5766606,
          0.40589762,
          0,
          2.5887978,
          1.8357878,
          1.4771751,
          1
        ]
      },
      {
        "date" : 765610427.297149,
        "title" : "Untitled",
        "transform" : [
          0.9877222,
          -0.00029049144,
          -0.1562201,
          0,
          -0.07819229,
          0.86480093,
          -0.49598926,
          0,
          0.13524331,
          0.5021148,
          0.8541603,
          0,
          -17.163273,
          -109.49462,
          37.794403,
          1
        ]
      },
      {
        "date" : 765609035.640313,
        "title" : "Untitled",
        "transform" : [
          0.99879366,
          -0.00029050102,
          -0.049103387,
          0,
          0.0016053612,
          0.99964106,
          0.026739959,
          0,
          0.04907796,
          -0.026786499,
          0.9984357,
          0,
          0.15266785,
          0.8196485,
          1.3578234,
          1
        ]
      },
      {
        "date" : 765609029.661421,
        "title" : "Untitled",
        "transform" : [
          0.9065752,
          -0.0002904936,
          -0.4220441,
          0,
          -0.0880423,
          0.9778686,
          -0.18979302,
          0,
          0.41275892,
          0.20921929,
          0.88648605,
          0,
          2.5378633,
          1.6072378,
          1.1713977,
          1
        ]
      },
      {
        "date" : 765609025.783243,
        "title" : "Untitled",
        "transform" : [
          0.9699789,
          -0.00029050064,
          0.24318871,
          0,
          0.10380179,
          0.9048228,
          -0.41294152,
          0,
          -0.21992272,
          0.42578793,
          0.8776894,
          0,
          -0.19762732,
          1.5634395,
          -0.28095388,
          1
        ]
      },
      {
        "date" : 765609020.937683,
        "title" : "Untitled",
        "transform" : [
          -0.61278486,
          -0.00029054124,
          0.79024976,
          0,
          0.43839625,
          0.83188766,
          0.34025234,
          0,
          -0.65749776,
          0.5549439,
          -0.50964093,
          0,
          87.11259,
          -41.126545,
          4.6306705,
          1
        ]
      }
    ]
  },
  "sceneViewportBackgroundColors" : {

  },
  "selectedSceneRelativePath" : "Immersive.usda"
}