{
  "advancedEditorSelectedIdentifier" : "ProjectBrowser",
  "openSceneRelativePaths" : [
    "Immersive.usda",
    "TestPlaceScenes\/Test.usda"
  ],
  "recentIdentifiers" : {
    "002B1BDB-819B-4E64-A87B-B75E2F5B3CC2" : [

    ],
    "1D572CEB-057A-41C3-B575-04C37501A3C0" : [

    ],
    "1DB15FB2-81FF-4247-810A-EBE12EF36BA3" : [

    ]
  },
  "sceneCameraHistory" : {
    "1D572CEB-057A-41C3-B575-04C37501A3C0" : [
      {
        "date" : 765629158.368722,
        "title" : "Untitled",
        "transform" : [
          0.35723412,
          3.6740184e-06,
          -0.9340148,
          0,
          -0.15955152,
          0.985302,
          -0.06102001,
          0,
          0.92028636,
          0.17082192,
          0.35198405,
          0,
          349.90863,
          32.467552,
          64.82597,
          1
        ]
      },
      {
        "date" : 765628634.29777,
        "title" : "Untitled",
        "transform" : [
          0.8701215,
          3.6379727e-06,
          -0.49283734,
          0,
          -0.3198773,
          0.76074785,
          -0.5647489,
          0,
          0.37492287,
          0.64904755,
          0.66194415,
          0,
          0.08279581,
          -0.05682473,
          -1.8726264,
          1
        ]
      },
      {
        "date" : 765628629.696038,
        "title" : "Untitled",
        "transform" : [
          0.984277,
          -0.0006848875,
          0.17663035,
          0,
          0.10421464,
          0.8096409,
          -0.5775993,
          0,
          -0.14261156,
          0.5869252,
          0.7969823,
          0,
          0.16045286,
          0.59474045,
          -1.244883,
          1
        ]
      },
      {
        "date" : 765628603.770994,
        "title" : "Untitled",
        "transform" : [
          0.77388734,
          4.1128227e-05,
          -0.6333232,
          0,
          -0.41067284,
          0.7612972,
          -0.5017711,
          0,
          0.48212656,
          0.6484029,
          0.5891753,
          0,
          0.59028137,
          0.071221024,
          -2.1050384,
          1
        ]
      },
      {
        "date" : 765628600.19613,
        "title" : "Untitled",
        "transform" : [
          0.6144877,
          4.112823e-05,
          -0.78892636,
          0,
          -0.51456475,
          0.7580384,
          -0.4007504,
          0,
          0.59802,
          0.6522099,
          0.46582648,
          0,
          0.60301113,
          0.07163918,
          -2.118587,
          1
        ]
      },
      {
        "date" : 765628578.370042,
        "title" : "Untitled",
        "transform" : [
          0.61445004,
          9.665849e-05,
          -0.78895575,
          0,
          -0.51460975,
          0.7580384,
          -0.40069258,
          0,
          0.59802,
          0.6522099,
          0.46582648,
          0,
          0.60301113,
          0.07163918,
          -2.118587,
          1
        ]
      },
      {
        "date" : 765628573.735549,
        "title" : "Untitled",
        "transform" : [
          0.61445004,
          9.665849e-05,
          -0.78895575,
          0,
          -0.51460975,
          0.7580384,
          -0.40069258,
          0,
          0.59802,
          0.6522099,
          0.46582648,
          0,
          1.6775542,
          1.3120917,
          -2.1169434,
          1
        ]
      },
      {
        "date" : 765628570.745396,
        "title" : "Untitled",
        "transform" : [
          0.61445004,
          9.665849e-05,
          -0.78895575,
          0,
          -0.51460975,
          0.7580384,
          -0.40069258,
          0,
          0.59802,
          0.6522099,
          0.46582648,
          0,
          0.050847292,
          -0.46202064,
          -3.3840652,
          1
        ]
      },
      {
        "date" : 765628562.291949,
        "title" : "Untitled",
        "transform" : [
          0.61445,
          9.670746e-05,
          -0.7889557,
          0,
          -0.51460975,
          0.75803846,
          -0.40069252,
          0,
          0.59801996,
          0.6522098,
          0.46582648,
          0,
          0.62743855,
          0.014780449,
          -2.378912,
          1
        ]
      },
      {
        "date" : 765628560.635822,
        "title" : "Untitled",
        "transform" : [
          0.24432957,
          9.6705895e-05,
          -0.9696922,
          0,
          -0.68305165,
          0.7098199,
          -0.17203508,
          0,
          0.68829024,
          0.70438313,
          0.17349607,
          0,
          0.6294843,
          0.015962802,
          -2.3855367,
          1
        ]
      }
    ]
  },
  "sceneViewportBackgroundColors" : {

  },
  "selectedSceneRelativePath" : "Immersive.usda"
}