{
  "advancedEditorSelectedIdentifier" : "ProjectBrowser",
  "openSceneRelativePaths" : [
    "Immersive.usda"
  ],
  "recentIdentifiers" : {
    "1D572CEB-057A-41C3-B575-04C37501A3C0" : [

    ],
    "1DB15FB2-81FF-4247-810A-EBE12EF36BA3" : [

    ]
  },
  "sceneCameraHistory" : {
    "1D572CEB-057A-41C3-B575-04C37501A3C0" : [
      {
        "date" : 764796172.036314,
        "title" : "Untitled",
        "transform" : [
          -0.57153934,
          -0.025673332,
          0.82017297,
          0,
          0.35147345,
          0.8955228,
          0.27295697,
          0,
          -0.74149126,
          0.44427466,
          -0.5028029,
          0,
          -0.62357134,
          0.62544864,
          -0.20073591,
          1
        ]
      },
      {
        "date" : 764796169.011855,
        "title" : "Untitled",
        "transform" : [
          -0.977208,
          -0.025673345,
          0.2107258,
          0,
          0.03774405,
          0.95583075,
          0.29148403,
          0,
          -0.2089015,
          0.29279417,
          -0.9330765,
          0,
          -1.2163681,
          1.5867141,
          -3.006856,
          1
        ]
      },
      {
        "date" : 764796109.543642,
        "title" : "Untitled",
        "transform" : [
          -0.9227744,
          -0.025673347,
          0.38448438,
          0,
          0.051054217,
          0.9808363,
          0.18802562,
          0,
          -0.38194343,
          0.19313477,
          -0.9037799,
          0,
          -1.7580218,
          1.274108,
          -2.9113383,
          1
        ]
      },
      {
        "date" : 764796098.074755,
        "title" : "Untitled",
        "transform" : [
          -0.98768896,
          -0.025673347,
          -0.15430948,
          0,
          -0.061274227,
          0.97111064,
          0.23062864,
          0,
          0.14393058,
          0.23724455,
          -0.96072835,
          0,
          -0.14895818,
          1.4095514,
          -3.1333785,
          1
        ]
      },
      {
        "date" : 764796062.871141,
        "title" : "Untitled",
        "transform" : [
          -0.60550636,
          -0.025673317,
          0.7954262,
          0,
          0.7131954,
          0.426008,
          0.5566592,
          0,
          -0.35314912,
          0.90435517,
          -0.23964036,
          0,
          -3.0358505,
          2.6445224,
          1.3352118,
          1
        ]
      },
      {
        "date" : 764796032.829867,
        "title" : "Untitled",
        "transform" : [
          -0.96440554,
          -0.025673319,
          0.26317856,
          0,
          0.07404905,
          0.92923355,
          0.36199683,
          0,
          -0.253848,
          0.36860007,
          -0.8942567,
          0,
          -3.5514736,
          0.81164855,
          -2.1727726,
          1
        ]
      },
      {
        "date" : 764796011.081658,
        "title" : "Untitled",
        "transform" : [
          -0.49115148,
          -0.025673324,
          0.87069577,
          0,
          0.53188187,
          0.7827527,
          0.3231099,
          0,
          -0.6898346,
          0.62180334,
          -0.37079486,
          0,
          -4.5115104,
          1.3691993,
          -1.0201145,
          1
        ]
      },
      {
        "date" : 764796007.966754,
        "title" : "Untitled",
        "transform" : [
          -0.9960614,
          -0.025673315,
          0.08486859,
          0,
          0.0094105955,
          0.92114735,
          0.38910016,
          0,
          -0.08816601,
          0.38836652,
          -0.91727763,
          0,
          -3.1866498,
          0.85517585,
          -2.223461,
          1
        ]
      },
      {
        "date" : 764795849.601297,
        "title" : "Untitled",
        "transform" : [
          -0.89480454,
          -0.025673313,
          0.44571927,
          0,
          0.23657706,
          0.8193923,
          0.52213734,
          0,
          -0.37862396,
          0.5726581,
          -0.7271221,
          0,
          -7.2944827,
          6.506621,
          -8.465311,
          1
        ]
      },
      {
        "date" : 764795830.378196,
        "title" : "Untitled",
        "transform" : [
          -0.9950711,
          -0.025673311,
          -0.0957836,
          0,
          -0.06040489,
          0.92295074,
          0.38014874,
          0,
          0.078643724,
          0.3840611,
          -0.91995233,
          0,
          -0.6259285,
          0.98001385,
          -1.397563,
          1
        ]
      }
    ]
  },
  "sceneViewportBackgroundColors" : {

  },
  "selectedSceneRelativePath" : "Immersive.usda"
}