{
  "advancedEditorSelectedIdentifier" : "BehaviorsPluginID",
  "openSceneRelativePaths" : [
    "Immersive.usda",
    "TestPlaceScenes\/Test.usda"
  ],
  "recentIdentifiers" : {
    "002B1BDB-819B-4E64-A87B-B75E2F5B3CC2" : [

    ],
    "1D572CEB-057A-41C3-B575-04C37501A3C0" : [

    ],
    "1DB15FB2-81FF-4247-810A-EBE12EF36BA3" : [

    ]
  },
  "sceneCameraHistory" : {
    "1D572CEB-057A-41C3-B575-04C37501A3C0" : [
      {
        "date" : 765687236.156821,
        "title" : "Untitled",
        "transform" : [
          0.8572036,
          3.685083e-06,
          -0.51497775,
          0,
          -0.10373368,
          0.9795035,
          -0.17266238,
          0,
          0.5044219,
          0.20142734,
          0.83963424,
          0,
          0.5023731,
          0.88244057,
          0.49344158,
          1
        ]
      },
      {
        "date" : 765687233.987224,
        "title" : "Untitled",
        "transform" : [
          0.85720354,
          3.6701947e-06,
          -0.51497775,
          0,
          -0.10373367,
          0.9795035,
          -0.17266239,
          0,
          0.5044219,
          0.20142733,
          0.83963424,
          0,
          -1.2634215,
          2.1123943,
          4.919613,
          1
        ]
      },
      {
        "date" : 765687140.196263,
        "title" : "Untitled",
        "transform" : [
          0.4802853,
          3.6696606e-06,
          -0.87711227,
          0,
          -0.107005365,
          0.99253064,
          -0.058589384,
          0,
          0.87056065,
          0.121995345,
          0.47669828,
          0,
          0.800591,
          0.8394976,
          0.20294392,
          1
        ]
      },
      {
        "date" : 765687135.83711,
        "title" : "Untitled",
        "transform" : [
          0.35723403,
          3.6689833e-06,
          -0.93401486,
          0,
          -0.15955153,
          0.985302,
          -0.061020046,
          0,
          0.9202865,
          0.17082195,
          0.35198402,
          0,
          0.825531,
          0.8661232,
          0.0916214,
          1
        ]
      },
      {
        "date" : 765629158.368722,
        "title" : "Untitled",
        "transform" : [
          0.35723412,
          3.6740184e-06,
          -0.9340148,
          0,
          -0.15955152,
          0.985302,
          -0.06102001,
          0,
          0.92028636,
          0.17082192,
          0.35198405,
          0,
          349.90863,
          32.467552,
          64.82597,
          1
        ]
      },
      {
        "date" : 765628634.29777,
        "title" : "Untitled",
        "transform" : [
          0.8701215,
          3.6379727e-06,
          -0.49283734,
          0,
          -0.3198773,
          0.76074785,
          -0.5647489,
          0,
          0.37492287,
          0.64904755,
          0.66194415,
          0,
          0.08279581,
          -0.05682473,
          -1.8726264,
          1
        ]
      },
      {
        "date" : 765628629.696038,
        "title" : "Untitled",
        "transform" : [
          0.984277,
          -0.0006848875,
          0.17663035,
          0,
          0.10421464,
          0.8096409,
          -0.5775993,
          0,
          -0.14261156,
          0.5869252,
          0.7969823,
          0,
          0.16045286,
          0.59474045,
          -1.244883,
          1
        ]
      },
      {
        "date" : 765628603.770994,
        "title" : "Untitled",
        "transform" : [
          0.77388734,
          4.1128227e-05,
          -0.6333232,
          0,
          -0.41067284,
          0.7612972,
          -0.5017711,
          0,
          0.48212656,
          0.6484029,
          0.5891753,
          0,
          0.59028137,
          0.071221024,
          -2.1050384,
          1
        ]
      },
      {
        "date" : 765628600.19613,
        "title" : "Untitled",
        "transform" : [
          0.6144877,
          4.112823e-05,
          -0.78892636,
          0,
          -0.51456475,
          0.7580384,
          -0.4007504,
          0,
          0.59802,
          0.6522099,
          0.46582648,
          0,
          0.60301113,
          0.07163918,
          -2.118587,
          1
        ]
      },
      {
        "date" : 765628578.370042,
        "title" : "Untitled",
        "transform" : [
          0.61445004,
          9.665849e-05,
          -0.78895575,
          0,
          -0.51460975,
          0.7580384,
          -0.40069258,
          0,
          0.59802,
          0.6522099,
          0.46582648,
          0,
          0.60301113,
          0.07163918,
          -2.118587,
          1
        ]
      }
    ]
  },
  "sceneViewportBackgroundColors" : {

  },
  "selectedSceneRelativePath" : "Immersive.usda"
}