{
  "advancedEditorSelectedIdentifier" : "BehaviorsPluginID",
  "openSceneRelativePaths" : [
    "Immersive.usda"
  ],
  "recentIdentifiers" : {
    "002B1BDB-819B-4E64-A87B-B75E2F5B3CC2" : [

    ],
    "1D572CEB-057A-41C3-B575-04C37501A3C0" : [

    ],
    "1DB15FB2-81FF-4247-810A-EBE12EF36BA3" : [

    ]
  },
  "sceneCameraHistory" : {
    "1D572CEB-057A-41C3-B575-04C37501A3C0" : [
      {
        "date" : 765703290.689385,
        "title" : "Untitled",
        "transform" : [
          0.39371142,
          2.3708277e-05,
          -0.9192341,
          0,
          -0.6279111,
          0.73034984,
          -0.26891783,
          0,
          0.67135614,
          0.68307334,
          0.287562,
          0,
          1.0448622,
          1.0562096,
          0.42256418,
          1
        ]
      },
      {
        "date" : 765703282.781604,
        "title" : "Untitled",
        "transform" : [
          0.40688595,
          2.3744069e-05,
          -0.913479,
          0,
          -0.1274641,
          0.99021834,
          -0.0567499,
          0,
          0.9045423,
          0.1395265,
          0.40290886,
          0,
          4.187097,
          2.147738,
          1.748949,
          1
        ]
      },
      {
        "date" : 765703252.536395,
        "title" : "Untitled",
        "transform" : [
          0.7660616,
          2.3738594e-05,
          -0.64276713,
          0,
          -0.03576086,
          0.9984527,
          -0.042583574,
          0,
          0.6417716,
          0.055607546,
          0.76487714,
          0,
          0.14116287,
          0.7586249,
          0.08553314,
          1
        ]
      },
      {
        "date" : 765703250.355746,
        "title" : "Untitled",
        "transform" : [
          0.7660616,
          2.3737852e-05,
          -0.6427672,
          0,
          -0.035760865,
          0.9984527,
          -0.042583566,
          0,
          0.6417716,
          0.055607557,
          0.7648771,
          0,
          -1.415575,
          0.3096486,
          5.836294,
          1
        ]
      },
      {
        "date" : 765701226.038358,
        "title" : "Untitled",
        "transform" : [
          -0.3329782,
          2.373174e-05,
          -0.9429346,
          0,
          -0.13105634,
          0.99029285,
          0.046304822,
          0,
          0.9337825,
          0.13899603,
          -0.32974282,
          0,
          3.5637822,
          1.9492837,
          -1.3457887,
          1
        ]
      },
      {
        "date" : 765701220.768252,
        "title" : "Untitled",
        "transform" : [
          -0.4958555,
          2.3732087e-05,
          -0.86840504,
          0,
          -0.052993383,
          0.99813545,
          0.030286286,
          0,
          0.8667867,
          0.06103734,
          -0.49492973,
          0,
          3.4130268,
          1.6674391,
          -1.9848384,
          1
        ]
      },
      {
        "date" : 765701174.811618,
        "title" : "Untitled",
        "transform" : [
          -0.17382443,
          2.3732198e-05,
          -0.9847767,
          0,
          -0.00041075828,
          0.9999999,
          9.661724e-05,
          0,
          0.9847766,
          0.00042129125,
          -0.17382438,
          0,
          3.8977616,
          1.4433693,
          -0.8154144,
          1
        ]
      },
      {
        "date" : 765701169.285663,
        "title" : "Untitled",
        "transform" : [
          -0.810817,
          2.3732404e-05,
          -0.5852998,
          0,
          0.03715372,
          0.9979853,
          -0.05142864,
          0,
          0.5841194,
          -0.06344529,
          -0.8091844,
          0,
          2.4793072,
          1.2026558,
          -3.2675507,
          1
        ]
      },
      {
        "date" : 765701164.638356,
        "title" : "Untitled",
        "transform" : [
          -0.49063057,
          2.3773677e-05,
          -0.8713677,
          0,
          -0.41763106,
          0.8776545,
          0.23517452,
          0,
          0.7647653,
          0.47929385,
          -0.43059415,
          0,
          1.9132752,
          1.2764945,
          -1.4702842,
          1
        ]
      },
      {
        "date" : 765701123.981609,
        "title" : "Untitled",
        "transform" : [
          -0.4634039,
          2.3772687e-05,
          -0.8861472,
          0,
          -0.34702662,
          0.92012525,
          0.18149965,
          0,
          0.8153708,
          0.39162424,
          -0.4263814,
          0,
          2.008454,
          1.0689873,
          -1.4469591,
          1
        ]
      }
    ],
    "69D5EC21-9986-4FB9-A305-F3E790A27330" : [
      {
        "date" : 765689937.096622,
        "title" : "Untitled",
        "transform" : [
          0.990055,
          2.980336e-09,
          -0.14068082,
          0,
          -0.022422474,
          0.9872164,
          -0.15780057,
          0,
          0.13888243,
          0.15938564,
          0.9773986,
          0,
          1.3248677,
          0.80705035,
          4.498005,
          1
        ]
      }
    ]
  },
  "sceneViewportBackgroundColors" : {

  },
  "selectedSceneRelativePath" : "Immersive.usda"
}