{
  "advancedEditorSelectedIdentifier" : "BehaviorsPluginID",
  "openSceneRelativePaths" : [
    "Immersive.usda",
    "TestPlaceScenes\/Test.usda"
  ],
  "recentIdentifiers" : {
    "002B1BDB-819B-4E64-A87B-B75E2F5B3CC2" : [

    ],
    "1D572CEB-057A-41C3-B575-04C37501A3C0" : [

    ],
    "1DB15FB2-81FF-4247-810A-EBE12EF36BA3" : [

    ]
  },
  "sceneCameraHistory" : {
    "1D572CEB-057A-41C3-B575-04C37501A3C0" : [
      {
        "date" : 765536633.566564,
        "title" : "Untitled",
        "transform" : [
          0.98670816,
          -0.0002906349,
          0.16250196,
          0,
          0.059999306,
          0.9299916,
          -0.36265117,
          0,
          -0.15102004,
          0.3675809,
          0.9176478,
          0,
          -0.11474976,
          0.9936778,
          0.5567591,
          1
        ]
      },
      {
        "date" : 765536628.238279,
        "title" : "Untitled",
        "transform" : [
          0.92510563,
          -0.00029063423,
          0.37970984,
          0,
          0.11199974,
          0.9557178,
          -0.27213892,
          0,
          -0.36281633,
          0.29428467,
          0.88417244,
          0,
          -0.27760726,
          0.9357743,
          0.5145882,
          1
        ]
      },
      {
        "date" : 765536601.669765,
        "title" : "Untitled",
        "transform" : [
          0.92510563,
          -0.00029063012,
          0.37970984,
          0,
          0.11199972,
          0.9557178,
          -0.27213895,
          0,
          -0.36281633,
          0.2942846,
          0.8841725,
          0,
          -0.08270912,
          0.93498176,
          0.54656386,
          1
        ]
      },
      {
        "date" : 765536598.77999,
        "title" : "Untitled",
        "transform" : [
          0.8400388,
          -0.00029062948,
          0.5425263,
          0,
          0.3915539,
          0.6925065,
          -0.60590464,
          0,
          -0.37552688,
          0.72141165,
          0.5818461,
          0,
          0.08193335,
          0.9933531,
          0.10255128,
          1
        ]
      },
      {
        "date" : 765536595.555608,
        "title" : "Untitled",
        "transform" : [
          0.8400387,
          -0.00029060323,
          0.5425263,
          0,
          0.3915538,
          0.6925065,
          -0.6059047,
          0,
          -0.37552696,
          0.7214115,
          0.581846,
          0,
          -0.16679493,
          1.160334,
          0.31924787,
          1
        ]
      },
      {
        "date" : 765535704.492491,
        "title" : "Untitled",
        "transform" : [
          0.93448657,
          -0.00029059785,
          0.3559982,
          0,
          0.29139438,
          0.5750913,
          -0.76443404,
          0,
          -0.20450938,
          0.8180891,
          0.5374998,
          0,
          0.097375035,
          1.3594284,
          0.27656388,
          1
        ]
      },
      {
        "date" : 765535686.92461,
        "title" : "Untitled",
        "transform" : [
          0.9859731,
          -0.00029059718,
          -0.16690396,
          0,
          -0.13380474,
          0.5963691,
          -0.79147977,
          0,
          0.09976629,
          0.80271024,
          0.587965,
          0,
          0.23827733,
          1.352894,
          0.18002698,
          1
        ]
      },
      {
        "date" : 765535682.464934,
        "title" : "Untitled",
        "transform" : [
          0.985973,
          -0.00029059715,
          -0.16690394,
          0,
          -0.13380472,
          0.596369,
          -0.79147965,
          0,
          0.09976629,
          0.80271024,
          0.587965,
          0,
          0.11872181,
          1.0947022,
          0.08814529,
          1
        ]
      },
      {
        "date" : 765535668.846443,
        "title" : "Untitled",
        "transform" : [
          0.9331017,
          -0.0002905999,
          0.35961244,
          0,
          0.15329808,
          0.904909,
          -0.397038,
          0,
          -0.32530126,
          0.42560476,
          0.84441674,
          0,
          -0.012113571,
          0.9753957,
          0.13297942,
          1
        ]
      },
      {
        "date" : 765535659.855267,
        "title" : "Untitled",
        "transform" : [
          0.9991719,
          -0.0002905998,
          -0.04068472,
          0,
          -0.016313992,
          0.91320467,
          -0.4071744,
          0,
          0.037271738,
          0.407501,
          0.9124438,
          0,
          0.14228863,
          0.96768636,
          0.16192791,
          1
        ]
      }
    ]
  },
  "sceneViewportBackgroundColors" : {

  },
  "selectedSceneRelativePath" : "Immersive.usda"
}