{
  "advancedEditorSelectedIdentifier" : "BehaviorsPluginID",
  "openSceneRelativePaths" : [
    "Immersive.usda",
    "TestPlaceScenes\/Test.usda"
  ],
  "recentIdentifiers" : {
    "002B1BDB-819B-4E64-A87B-B75E2F5B3CC2" : [

    ],
    "1D572CEB-057A-41C3-B575-04C37501A3C0" : [

    ],
    "1DB15FB2-81FF-4247-810A-EBE12EF36BA3" : [

    ]
  },
  "sceneCameraHistory" : {
    "1D572CEB-057A-41C3-B575-04C37501A3C0" : [
      {
        "date" : 765681240.019267,
        "title" : "Untitled",
        "transform" : [
          0.30723783,
          -1.8301412e-06,
          -0.9516328,
          0,
          -0.4427168,
          0.8851958,
          -0.14293432,
          0,
          0.8423815,
          0.46521866,
          0.2719647,
          0,
          1.3528816,
          1.2162266,
          0.20690885,
          1
        ]
      },
      {
        "date" : 765681234.290325,
        "title" : "Untitled",
        "transform" : [
          0.23099397,
          -1.8352191e-06,
          -0.9729552,
          0,
          -0.12911665,
          0.99115545,
          -0.030656062,
          0,
          0.96435,
          0.1327061,
          0.2289506,
          0,
          1.4908369,
          0.7080437,
          0.12762019,
          1
        ]
      },
      {
        "date" : 765681095.886592,
        "title" : "Untitled",
        "transform" : [
          0.7145275,
          -1.8356426e-06,
          -0.69960743,
          0,
          -0.28159335,
          0.9154184,
          -0.2876011,
          0,
          0.640434,
          0.40250373,
          0.654091,
          0,
          0.61965156,
          0.8881755,
          0.47340983,
          1
        ]
      },
      {
        "date" : 765679779.155162,
        "title" : "Untitled",
        "transform" : [
          0.82546574,
          -1.8320044e-06,
          -0.56445223,
          0,
          -0.1744974,
          0.95101416,
          -0.25519142,
          0,
          0.5368026,
          0.30914724,
          0.7850293,
          0,
          0.54161125,
          0.80837977,
          0.5981664,
          1
        ]
      },
      {
        "date" : 765679695.707843,
        "title" : "Untitled",
        "transform" : [
          0.9948944,
          -1.8309842e-06,
          -0.10092225,
          0,
          -0.025179213,
          0.9683723,
          -0.24823573,
          0,
          0.09773068,
          0.24950948,
          0.9634281,
          0,
          3.399422,
          0.7397641,
          0.6370485,
          1
        ]
      },
      {
        "date" : 765679686.98916,
        "title" : "Untitled",
        "transform" : [
          0.7613163,
          -1.8275506e-06,
          -0.6483807,
          0,
          -0.4418703,
          0.73181814,
          -0.51883787,
          0,
          0.4744977,
          0.6814999,
          0.55714434,
          0,
          3.4175615,
          1.1193484,
          0.19108617,
          1
        ]
      },
      {
        "date" : 765679683.242054,
        "title" : "Untitled",
        "transform" : [
          0.89408964,
          -1.8236527e-06,
          -0.44788805,
          0,
          -0.2997046,
          0.74312425,
          -0.5982838,
          0,
          0.3328375,
          0.66915345,
          0.6644192,
          0,
          5.9746923,
          2.0271046,
          5.1816883,
          1
        ]
      },
      {
        "date" : 765679679.257976,
        "title" : "Untitled",
        "transform" : [
          0.89408964,
          -1.8236527e-06,
          -0.44788805,
          0,
          -0.2997046,
          0.74312425,
          -0.5982838,
          0,
          0.3328375,
          0.66915345,
          0.6644192,
          0,
          8.1891165,
          3.9137554,
          6.1696706,
          1
        ]
      },
      {
        "date" : 765679676.617826,
        "title" : "Untitled",
        "transform" : [
          -0.4909748,
          -1.8189143e-06,
          -0.87117374,
          0,
          -0.26574972,
          0.9523373,
          0.14976884,
          0,
          0.829651,
          0.30504692,
          -0.4675741,
          0,
          3.9440985,
          1.8832681,
          -2.2870426,
          1
        ]
      },
      {
        "date" : 765679673.589949,
        "title" : "Untitled",
        "transform" : [
          -0.4909748,
          -1.8189143e-06,
          -0.87117374,
          0,
          -0.26574972,
          0.9523373,
          0.14976884,
          0,
          0.829651,
          0.30504692,
          -0.4675741,
          0,
          0.90346676,
          0.7652861,
          -0.57340467,
          1
        ]
      }
    ]
  },
  "sceneViewportBackgroundColors" : {

  },
  "selectedSceneRelativePath" : "Immersive.usda"
}