{
  "advancedEditorSelectedIdentifier" : "BehaviorsPluginID",
  "openSceneRelativePaths" : [
    "Immersive.usda",
    "TestPlaceScenes\/Test.usda",
    "BisonFoods\/bison assets.usda"
  ],
  "recentIdentifiers" : {
    "002B1BDB-819B-4E64-A87B-B75E2F5B3CC2" : [

    ],
    "1D572CEB-057A-41C3-B575-04C37501A3C0" : [

    ],
    "1DB15FB2-81FF-4247-810A-EBE12EF36BA3" : [

    ]
  },
  "sceneCameraHistory" : {
    "1D572CEB-057A-41C3-B575-04C37501A3C0" : [
      {
        "date" : 765698869.745018,
        "title" : "Untitled",
        "transform" : [
          0.66457266,
          2.3802319e-05,
          -0.7472236,
          0,
          -0.38958815,
          0.8533351,
          -0.34646833,
          0,
          0.6376239,
          0.52136284,
          0.56711245,
          0,
          6.834064,
          2.3652093,
          -0.14109977,
          1
        ]
      },
      {
        "date" : 765698867.952707,
        "title" : "Untitled",
        "transform" : [
          0.6484504,
          1.1425918e-08,
          -0.7612569,
          0,
          -0.41179326,
          0.84106207,
          -0.35077187,
          0,
          0.6402643,
          0.5409386,
          0.545387,
          0,
          6.8283787,
          2.3459907,
          -0.18272339,
          1
        ]
      },
      {
        "date" : 765698861.164241,
        "title" : "Untitled",
        "transform" : [
          0.79465526,
          0.00014651846,
          -0.6070609,
          0,
          -0.35983992,
          0.80549467,
          -0.47084346,
          0,
          0.4889154,
          0.5926029,
          0.64014333,
          0,
          6.6599407,
          3.017717,
          0.61267364,
          1
        ]
      },
      {
        "date" : 765698837.641341,
        "title" : "Untitled",
        "transform" : [
          0.6963549,
          0.00014651839,
          -0.71769756,
          0,
          -0.42734256,
          0.8034878,
          -0.4144704,
          0,
          0.57660055,
          0.5953212,
          0.5595753,
          0,
          6.8906746,
          3.0275223,
          0.22574162,
          1
        ]
      },
      {
        "date" : 765696399.765478,
        "title" : "Untitled",
        "transform" : [
          -0.9544992,
          0.00014650695,
          -0.29821366,
          0,
          -0.21189451,
          0.7033176,
          0.67856103,
          0,
          0.20983832,
          0.7108757,
          -0.671285,
          0,
          4.1243634,
          3.4338374,
          -3.7270055,
          1
        ]
      },
      {
        "date" : 765696389.402976,
        "title" : "Untitled",
        "transform" : [
          -0.9919417,
          -4.3904585e-08,
          -0.12669507,
          0,
          -0.06448753,
          0.86076796,
          0.50489604,
          0,
          0.10905502,
          0.5089976,
          -0.8538315,
          0,
          5.65527,
          2.291235,
          -4.341551,
          1
        ]
      },
      {
        "date" : 765696366.465966,
        "title" : "Untitled",
        "transform" : [
          -0.9919417,
          -4.7195744e-08,
          -0.12669505,
          0,
          -0.06448751,
          0.8607679,
          0.504896,
          0,
          0.10905498,
          0.5089976,
          -0.8538315,
          0,
          5.634383,
          2.9947588,
          -5.1570015,
          1
        ]
      },
      {
        "date" : 765696355.669004,
        "title" : "Untitled",
        "transform" : [
          -0.87811923,
          -4.6444786e-08,
          0.47844175,
          0,
          0.16579507,
          0.93803835,
          0.30429593,
          0,
          -0.44879675,
          0.34653142,
          -0.8237095,
          0,
          1.3334869,
          1.9018242,
          -7.8685703,
          1
        ]
      },
      {
        "date" : 765696345.650663,
        "title" : "Untitled",
        "transform" : [
          -0.99707085,
          -4.6009745e-08,
          -0.07648298,
          0,
          -0.019863676,
          0.96568584,
          0.25895232,
          0,
          0.07385852,
          0.25971305,
          -0.9628572,
          0,
          5.4120717,
          1.3230957,
          -6.0223274,
          1
        ]
      },
      {
        "date" : 765696342.648684,
        "title" : "Untitled",
        "transform" : [
          -0.7631499,
          -4.149525e-08,
          -0.64622146,
          0,
          -0.1739696,
          0.9630814,
          0.20544788,
          0,
          0.6223639,
          0.2692104,
          -0.7349755,
          0,
          -11.659602,
          2.4818182,
          3.1956406,
          1
        ]
      }
    ],
    "69D5EC21-9986-4FB9-A305-F3E790A27330" : [
      {
        "date" : 765689937.096622,
        "title" : "Untitled",
        "transform" : [
          0.990055,
          2.980336e-09,
          -0.14068082,
          0,
          -0.022422474,
          0.9872164,
          -0.15780057,
          0,
          0.13888243,
          0.15938564,
          0.9773986,
          0,
          1.3248677,
          0.80705035,
          4.498005,
          1
        ]
      }
    ]
  },
  "sceneViewportBackgroundColors" : {

  },
  "selectedSceneRelativePath" : "Immersive.usda"
}