{
  "advancedEditorSelectedIdentifier" : "BehaviorsPluginID",
  "openSceneRelativePaths" : [
    "Immersive.usda"
  ],
  "recentIdentifiers" : {
    "002B1BDB-819B-4E64-A87B-B75E2F5B3CC2" : [

    ],
    "1D572CEB-057A-41C3-B575-04C37501A3C0" : [

    ],
    "1DB15FB2-81FF-4247-810A-EBE12EF36BA3" : [

    ]
  },
  "sceneCameraHistory" : {
    "1D572CEB-057A-41C3-B575-04C37501A3C0" : [
      {
        "date" : 767057233.733155,
        "title" : "Untitled",
        "transform" : [
          0.98535246,
          2.3390567e-09,
          -0.17052983,
          0,
          -0.13523243,
          0.6092044,
          -0.7813975,
          0,
          0.1038875,
          0.7930132,
          0.60028094,
          0,
          -0.08743974,
          1.028379,
          -0.1469903,
          1
        ]
      },
      {
        "date" : 767056145.646069,
        "title" : "Untitled",
        "transform" : [
          0.48120692,
          -3.6586343e-09,
          0.87660706,
          0,
          0.40369365,
          0.88765025,
          -0.22160466,
          0,
          -0.77812046,
          0.46051845,
          0.42714342,
          0,
          -0.78302723,
          0.753313,
          -0.36100712,
          1
        ]
      },
      {
        "date" : 767056143.145859,
        "title" : "Untitled",
        "transform" : [
          0.9541095,
          -1.3504582e-08,
          0.29945832,
          0,
          0.28669897,
          0.2887917,
          -0.9134567,
          0,
          -0.08648108,
          0.95739204,
          0.27553886,
          0,
          -0.3012475,
          1.2032139,
          -0.3219572,
          1
        ]
      },
      {
        "date" : 767056138.844471,
        "title" : "Untitled",
        "transform" : [
          0.89673465,
          -1.0581324e-08,
          -0.44256836,
          0,
          -0.03752764,
          0.9963984,
          -0.07603875,
          0,
          0.4409745,
          0.08479515,
          0.89350516,
          0,
          141.60527,
          -4.819426,
          18.545853,
          1
        ]
      },
      {
        "date" : 767056118.594368,
        "title" : "Untitled",
        "transform" : [
          0.42046127,
          -1.0959576e-08,
          -0.9073104,
          0,
          -0.03687615,
          0.99917364,
          -0.017088972,
          0,
          0.90656084,
          0.04064337,
          0.42011383,
          0,
          0.72863436,
          0.81795657,
          -0.4687717,
          1
        ]
      },
      {
        "date" : 767055600.662356,
        "title" : "Untitled",
        "transform" : [
          0.4204612,
          -1.2344803e-08,
          -0.9073104,
          0,
          -0.03687614,
          0.99917376,
          -0.017089006,
          0,
          0.9065608,
          0.040643442,
          0.42011398,
          0,
          3.2342114,
          0.1436077,
          -2.122948,
          1
        ]
      },
      {
        "date" : 767055571.387296,
        "title" : "Untitled",
        "transform" : [
          0.9936103,
          1.02424735e-11,
          -0.112864494,
          0,
          -0.040022712,
          0.9350148,
          -0.3523429,
          0,
          0.10552988,
          0.35460877,
          0.92904043,
          0,
          0.40388358,
          1.2529594,
          -0.32472867,
          1
        ]
      },
      {
        "date" : 767045860.571543,
        "title" : "Untitled",
        "transform" : [
          0.9936103,
          1.02424735e-11,
          -0.112864494,
          0,
          -0.040022712,
          0.9350148,
          -0.3523429,
          0,
          0.10552988,
          0.35460877,
          0.92904043,
          0,
          0.40362972,
          1.2521063,
          -0.32696366,
          1
        ]
      },
      {
        "date" : 767045855.749421,
        "title" : "Untitled",
        "transform" : [
          0.94383115,
          -1.06560094e-10,
          -0.330428,
          0,
          -0.12692416,
          0.923283,
          -0.36254492,
          0,
          0.30507848,
          0.38412055,
          0.8714233,
          0,
          0.6496954,
          1.2893882,
          -0.4260676,
          1
        ]
      },
      {
        "date" : 767045848.490103,
        "title" : "Untitled",
        "transform" : [
          0.21406917,
          4.121542e-10,
          -0.97681856,
          0,
          -0.41908816,
          0.9032884,
          -0.09184292,
          0,
          0.88234884,
          0.42903385,
          0.19336624,
          0,
          1.3624909,
          1.3498089,
          -1.3947455,
          1
        ]
      }
    ],
    "69D5EC21-9986-4FB9-A305-F3E790A27330" : [
      {
        "date" : 765689937.096622,
        "title" : "Untitled",
        "transform" : [
          0.990055,
          2.980336e-09,
          -0.14068082,
          0,
          -0.022422474,
          0.9872164,
          -0.15780057,
          0,
          0.13888243,
          0.15938564,
          0.9773986,
          0,
          1.3248677,
          0.80705035,
          4.498005,
          1
        ]
      }
    ],
    "9E208371-958C-470E-BECE-8373E404B665" : [
      {
        "date" : 766190741.083793,
        "title" : "Untitled",
        "transform" : [
          -0.92084736,
          -0.00017442636,
          -0.38992321,
          0,
          -0.15581477,
          0.9168525,
          0.3675639,
          0,
          0.35743797,
          0.39922607,
          -0.84430844,
          0,
          0.06891025,
          0.9597459,
          -0.08947642,
          1
        ]
      },
      {
        "date" : 766190231.571115,
        "title" : "Untitled",
        "transform" : [
          -0.9102719,
          3.643546e-09,
          0.414011,
          0,
          0.08087866,
          0.9807328,
          0.17782515,
          0,
          -0.40603417,
          0.1953539,
          -0.8927335,
          0,
          -0.4658171,
          0.72332656,
          -0.1868654,
          1
        ]
      },
      {
        "date" : 766190208.970811,
        "title" : "Untitled",
        "transform" : [
          -0.28773665,
          0.00022231278,
          -0.95770955,
          0,
          -0.43992734,
          0.8882228,
          0.13237906,
          0,
          0.85068893,
          0.45941293,
          -0.25547647,
          0,
          2.0288885,
          1.5524276,
          -0.574574,
          1
        ]
      }
    ]
  },
  "sceneViewportBackgroundColors" : {

  },
  "selectedSceneRelativePath" : "Untitled Scene.usda"
}