{
  "advancedEditorSelectedIdentifier" : "BehaviorsPluginID",
  "openSceneRelativePaths" : [
    "Immersive.usda"
  ],
  "recentIdentifiers" : {
    "002B1BDB-819B-4E64-A87B-B75E2F5B3CC2" : [

    ],
    "1D572CEB-057A-41C3-B575-04C37501A3C0" : [

    ],
    "1DB15FB2-81FF-4247-810A-EBE12EF36BA3" : [

    ]
  },
  "sceneCameraHistory" : {
    "1D572CEB-057A-41C3-B575-04C37501A3C0" : [
      {
        "date" : 765941516.376638,
        "title" : "Untitled",
        "transform" : [
          0.6443855,
          -2.930741e-09,
          -0.7647008,
          0,
          -0.38670325,
          0.862714,
          -0.32586068,
          0,
          0.65971816,
          0.5056922,
          0.55592036,
          0,
          3.0966132,
          1.8438838,
          0.5658229,
          1
        ]
      },
      {
        "date" : 765940995.550792,
        "title" : "Untitled",
        "transform" : [
          0.9789759,
          -4.3988484e-09,
          0.20397581,
          0,
          0.089629054,
          0.8982864,
          -0.43017215,
          0,
          -0.18322866,
          0.4394104,
          0.87940073,
          0,
          2.2898488,
          9.300821,
          20.555443,
          1
        ]
      },
      {
        "date" : 765940978.67892,
        "title" : "Untitled",
        "transform" : [
          0.99519116,
          3.1135006e-10,
          0.09795206,
          0,
          0.015815038,
          0.98687977,
          -0.1606805,
          0,
          -0.0966669,
          0.16145693,
          0.982134,
          0,
          4.373715,
          3.0460424,
          21.978212,
          1
        ]
      },
      {
        "date" : 765940958.70789,
        "title" : "Untitled",
        "transform" : [
          0.99519116,
          3.1135006e-10,
          0.09795206,
          0,
          0.015815038,
          0.98687977,
          -0.1606805,
          0,
          -0.0966669,
          0.16145693,
          0.982134,
          0,
          8.266827,
          5.638811,
          41.281734,
          1
        ]
      },
      {
        "date" : 765940933.673279,
        "title" : "Untitled",
        "transform" : [
          -0.7936167,
          -0.00021316537,
          -0.6084179,
          0,
          -0.4621295,
          0.6506494,
          0.60257095,
          0,
          0.39573848,
          0.75937814,
          -0.5164648,
          0,
          44.127617,
          34.297142,
          -26.215256,
          1
        ]
      },
      {
        "date" : 765940901.17671,
        "title" : "Untitled",
        "transform" : [
          -0.692794,
          -0.00021316767,
          -0.72113544,
          0,
          -0.26410955,
          0.930595,
          0.25345457,
          0,
          0.67103106,
          0.36605045,
          -0.64476687,
          0,
          22.907444,
          1.1541768,
          -5.534933,
          1
        ]
      },
      {
        "date" : 765940899.254641,
        "title" : "Untitled",
        "transform" : [
          -0.9907377,
          -0.00021316708,
          -0.13578928,
          0,
          -0.05407882,
          0.9178933,
          0.39312524,
          0,
          0.12455638,
          0.3968272,
          -0.909403,
          0,
          20.380001,
          1.3059742,
          -7.170006,
          1
        ]
      },
      {
        "date" : 765940897.034587,
        "title" : "Untitled",
        "transform" : [
          -0.989631,
          -0.00021316744,
          -0.14363332,
          0,
          -0.06559858,
          0.8902867,
          0.4506512,
          0,
          0.12777889,
          0.4554004,
          -0.8810692,
          0,
          20.39846,
          1.5959384,
          -7.047508,
          1
        ]
      },
      {
        "date" : 765940892.836595,
        "title" : "Untitled",
        "transform" : [
          -0.77119917,
          -0.0002131678,
          -0.6365939,
          0,
          -0.37741035,
          0.8054594,
          0.4569425,
          0,
          0.51265323,
          0.59265083,
          -0.6212501,
          0,
          22.22481,
          2.2816582,
          -5.5315647,
          1
        ]
      },
      {
        "date" : 765940887.035247,
        "title" : "Untitled",
        "transform" : [
          -0.38339174,
          -0.00021316815,
          -0.9235858,
          0,
          -0.52463704,
          0.8230486,
          0.21759325,
          0,
          0.7601097,
          0.5679708,
          -0.3156619,
          0,
          23.247114,
          2.1576266,
          -3.8320289,
          1
        ]
      }
    ],
    "69D5EC21-9986-4FB9-A305-F3E790A27330" : [
      {
        "date" : 765689937.096622,
        "title" : "Untitled",
        "transform" : [
          0.990055,
          2.980336e-09,
          -0.14068082,
          0,
          -0.022422474,
          0.9872164,
          -0.15780057,
          0,
          0.13888243,
          0.15938564,
          0.9773986,
          0,
          1.3248677,
          0.80705035,
          4.498005,
          1
        ]
      }
    ]
  },
  "sceneViewportBackgroundColors" : {

  },
  "selectedSceneRelativePath" : "Immersive.usda"
}