{
  "advancedEditorSelectedIdentifier" : "BehaviorsPluginID",
  "openSceneRelativePaths" : [
    "Immersive.usda",
    "EsmeTestingScene.usda"
  ],
  "recentIdentifiers" : {
    "1D572CEB-057A-41C3-B575-04C37501A3C0" : [

    ],
    "1DB15FB2-81FF-4247-810A-EBE12EF36BA3" : [

    ]
  },
  "sceneCameraHistory" : {
    "1D572CEB-057A-41C3-B575-04C37501A3C0" : [
      {
        "date" : 764695745.244132,
        "title" : "Untitled",
        "transform" : [
          -0.88672584,
          -4.9098185e-07,
          0.46229583,
          0,
          0.120412864,
          0.96548253,
          0.23096395,
          0,
          -0.44633862,
          0.2604681,
          -0.8561181,
          0,
          -2.0791535,
          0.7703255,
          -2.2734907,
          1
        ]
      },
      {
        "date" : 764695727.941324,
        "title" : "Untitled",
        "transform" : [
          -0.9976371,
          -4.890126e-07,
          0.068704665,
          0,
          0.026342517,
          0.92357266,
          0.38251758,
          0,
          -0.06345392,
          0.38342357,
          -0.9213902,
          0,
          -0.9467853,
          1.133962,
          -2.4665306,
          1
        ]
      },
      {
        "date" : 764695717.780548,
        "title" : "Untitled",
        "transform" : [
          -0.95146435,
          -4.888006e-07,
          -0.30775893,
          0,
          -0.0924441,
          0.95382065,
          0.28579766,
          0,
          0.29354668,
          0.30037677,
          -0.9075263,
          0,
          0.06763445,
          0.9065153,
          -2.7275815,
          1
        ]
      },
      {
        "date" : 764695699.666865,
        "title" : "Untitled",
        "transform" : [
          -0.6171263,
          -4.844032e-07,
          0.7868641,
          0,
          0.542798,
          0.7239765,
          0.4257092,
          0,
          -0.56967133,
          0.6898246,
          -0.4467847,
          0,
          -2.012085,
          1.9661865,
          -0.5930176,
          1
        ]
      },
      {
        "date" : 764695698.015239,
        "title" : "Untitled",
        "transform" : [
          -0.6171263,
          -5.142055e-07,
          0.7868641,
          0,
          0.542798,
          0.72397643,
          0.42570925,
          0,
          -0.56967133,
          0.68982464,
          -0.44678468,
          0,
          -370.40717,
          187.77911,
          -165.61987,
          1
        ]
      },
      {
        "date" : 764695695.792046,
        "title" : "Untitled",
        "transform" : [
          -0.61712635,
          -5.466172e-07,
          0.7868641,
          0,
          0.542798,
          0.72397643,
          0.42570934,
          0,
          -0.5696713,
          0.68982476,
          -0.4467846,
          0,
          -255.55125,
          157.31598,
          -246.3526,
          1
        ]
      },
      {
        "date" : 764695693.406599,
        "title" : "Untitled",
        "transform" : [
          0.06244443,
          -4.4790877e-07,
          0.99804837,
          0,
          0.63488245,
          0.771587,
          -0.039721992,
          0,
          -0.7700811,
          0.6361239,
          0.04818154,
          0,
          -2.1543863,
          2.3392687,
          -0.06159824,
          1
        ]
      },
      {
        "date" : 764695094.299059,
        "title" : "Untitled",
        "transform" : [
          -0.48055667,
          -4.5060253e-07,
          0.8769637,
          0,
          0.5587268,
          0.77076846,
          0.3061703,
          0,
          -0.6759361,
          0.6371153,
          -0.37039778,
          0,
          -2.2158523,
          2.7271743,
          -1.8242714,
          1
        ]
      },
      {
        "date" : 764695082.916824,
        "title" : "Untitled",
        "transform" : [
          0.9814754,
          -4.5466544e-07,
          0.1915885,
          0,
          0.19147179,
          0.034899537,
          -0.9808774,
          0,
          -0.006685898,
          0.99939084,
          0.034253124,
          0,
          -1.6236869,
          5.8418713,
          -0.30060428,
          1
        ]
      },
      {
        "date" : 764695081.233559,
        "title" : "Untitled",
        "transform" : [
          0.99214435,
          -4.5466544e-07,
          0.12509862,
          0,
          0.1250224,
          0.034899835,
          -0.99153984,
          0,
          -0.0043654647,
          0.99939084,
          0.034625728,
          0,
          -1.640237,
          5.8418713,
          -0.1906432,
          1
        ]
      }
    ]
  },
  "sceneViewportBackgroundColors" : {

  },
  "selectedSceneRelativePath" : "Immersive.usda"
}