{
  "advancedEditorSelectedIdentifier" : "ProjectBrowser",
  "openSceneRelativePaths" : [
    "Immersive.usda"
  ],
  "recentIdentifiers" : {
    "1D572CEB-057A-41C3-B575-04C37501A3C0" : [

    ],
    "1DB15FB2-81FF-4247-810A-EBE12EF36BA3" : [

    ]
  },
  "sceneCameraHistory" : {
    "1D572CEB-057A-41C3-B575-04C37501A3C0" : [
      {
        "date" : 764798522.067766,
        "title" : "Untitled",
        "transform" : [
          -0.85464406,
          -1.4865327e-08,
          0.5192143,
          0,
          0.47831768,
          0.38900945,
          0.787327,
          0,
          -0.20197925,
          0.9212338,
          -0.33246467,
          0,
          -0.69557285,
          1.4929802,
          -0.4530838,
          1
        ]
      },
      {
        "date" : 764798461.928353,
        "title" : "Untitled",
        "transform" : [
          -0.9978712,
          5.485246e-09,
          0.06521407,
          0,
          0.0043591736,
          0.99776345,
          0.066701725,
          0,
          -0.06506828,
          0.066844,
          -0.9956395,
          0,
          -0.6893202,
          0.7564211,
          -3.3566983,
          1
        ]
      },
      {
        "date" : 764798457.185746,
        "title" : "Untitled",
        "transform" : [
          -0.95788723,
          6.561403e-09,
          0.2871446,
          0,
          0.07373383,
          0.9664691,
          0.24596907,
          0,
          -0.27751645,
          0.2567829,
          -0.92576844,
          0,
          -1.383928,
          1.3770628,
          -3.1306915,
          1
        ]
      },
      {
        "date" : 764798448.500753,
        "title" : "Untitled",
        "transform" : [
          -0.9763271,
          -1.973398e-08,
          -0.21629943,
          0,
          -0.074238494,
          0.9392547,
          0.33509585,
          0,
          0.20316021,
          0.34322092,
          -0.9170198,
          0,
          -0.3788156,
          0.71180975,
          -0.5450105,
          1
        ]
      },
      {
        "date" : 764798442.217662,
        "title" : "Untitled",
        "transform" : [
          -0.70172584,
          -1.8301186e-08,
          -0.71244705,
          0,
          -0.16028146,
          0.974365,
          0.15786947,
          0,
          0.69418347,
          0.22497316,
          -0.6837371,
          0,
          -0.33966064,
          0.583374,
          -0.23986816,
          1
        ]
      },
      {
        "date" : 764798430.366081,
        "title" : "Untitled",
        "transform" : [
          -0.9993976,
          -9.616699e-09,
          0.034706045,
          0,
          0.0031850967,
          0.99577993,
          0.09171842,
          0,
          -0.034559585,
          0.091773786,
          -0.99518,
          0,
          -0.57706696,
          0.778873,
          -2.939247,
          1
        ]
      },
      {
        "date" : 764798422.432397,
        "title" : "Untitled",
        "transform" : [
          -0.7339411,
          -9.794626e-09,
          0.6792131,
          0,
          0.20640227,
          0.95270896,
          0.22303325,
          0,
          -0.6470924,
          0.30388448,
          -0.6992322,
          0,
          -2.3260572,
          1.3838359,
          -2.0999773,
          1
        ]
      },
      {
        "date" : 764798417.146731,
        "title" : "Untitled",
        "transform" : [
          -0.9977022,
          -9.832012e-09,
          -0.06775198,
          0,
          -0.019545687,
          0.95748323,
          0.2878261,
          0,
          0.06487138,
          0.28848904,
          -0.9552831,
          0,
          -0.29339057,
          1.3398716,
          -2.8324952,
          1
        ]
      },
      {
        "date" : 764798413.742606,
        "title" : "Untitled",
        "transform" : [
          -0.28934747,
          -9.72407e-09,
          -0.95722425,
          0,
          -0.21982817,
          0.97327286,
          0.06644915,
          0,
          0.9316403,
          0.22965178,
          -0.28161404,
          0,
          2.1812506,
          1.1719337,
          -0.9104563,
          1
        ]
      },
      {
        "date" : 764798407.333749,
        "title" : "Untitled",
        "transform" : [
          -0.9970422,
          -8.374981e-09,
          0.076857254,
          0,
          0.044147603,
          0.8185677,
          0.5727111,
          0,
          -0.06291284,
          0.57441026,
          -0.8161463,
          0,
          -1.7913885,
          6.064358,
          -12.888319,
          1
        ]
      }
    ]
  },
  "sceneViewportBackgroundColors" : {

  },
  "selectedSceneRelativePath" : "Immersive.usda"
}