{
  "advancedEditorSelectedIdentifier" : "ProjectBrowser",
  "openSceneRelativePaths" : [
    "Immersive.usda"
  ],
  "recentIdentifiers" : {
    "1D572CEB-057A-41C3-B575-04C37501A3C0" : [

    ],
    "1DB15FB2-81FF-4247-810A-EBE12EF36BA3" : [

    ]
  },
  "sceneCameraHistory" : {
    "1D572CEB-057A-41C3-B575-04C37501A3C0" : [
      {
        "date" : 764808795.057344,
        "title" : "Untitled",
        "transform" : [
          -0.9978129,
          1.150063e-08,
          -0.06610226,
          0,
          -0.01751061,
          0.964275,
          0.264324,
          0,
          0.06374077,
          0.2649034,
          -0.96216595,
          0,
          0.16390538,
          1.4850281,
          -5.088601,
          1
        ]
      },
      {
        "date" : 764808790.606535,
        "title" : "Untitled",
        "transform" : [
          -0.9953557,
          1.1747432e-08,
          -0.09626487,
          0,
          -0.017222444,
          0.98386586,
          0.17807703,
          0,
          0.09471173,
          0.17890795,
          -0.97929645,
          0,
          0.32209897,
          1.029742,
          -5.108391,
          1
        ]
      },
      {
        "date" : 764808782.297608,
        "title" : "Untitled",
        "transform" : [
          -0.9517364,
          1.4533537e-08,
          -0.3069165,
          0,
          -0.062153347,
          0.9792803,
          0.19273548,
          0,
          0.30055732,
          0.20250925,
          -0.93201673,
          0,
          3.2554326,
          1.7147559,
          -6.5477705,
          1
        ]
      },
      {
        "date" : 764808780.364846,
        "title" : "Untitled",
        "transform" : [
          -0.8005941,
          1.6676276e-08,
          -0.5992071,
          0,
          -0.02449456,
          0.9991641,
          0.032727078,
          0,
          0.59870625,
          0.040878396,
          -0.7999248,
          0,
          5.1137056,
          0.42081255,
          -4.4681096,
          1
        ]
      },
      {
        "date" : 764808770.620482,
        "title" : "Untitled",
        "transform" : [
          -0.9185126,
          1.9745007e-08,
          -0.39539167,
          0,
          -0.09777134,
          0.9689447,
          0.2271274,
          0,
          0.38311273,
          0.24727726,
          -0.889988,
          0,
          5.8084755,
          2.698603,
          -7.745434,
          1
        ]
      },
      {
        "date" : 764808755.869722,
        "title" : "Untitled",
        "transform" : [
          -0.99945897,
          2.0531719e-08,
          0.03289092,
          0,
          0.008008659,
          0.96990323,
          0.24335867,
          0,
          -0.03190103,
          0.24349041,
          -0.9693785,
          0,
          1.3713905,
          1.8109281,
          -5.910641,
          1
        ]
      },
      {
        "date" : 764808743.578396,
        "title" : "Untitled",
        "transform" : [
          -0.73899615,
          2.0487052e-08,
          -0.6737097,
          0,
          -0.182661,
          0.9625435,
          0.20036198,
          0,
          0.6484749,
          0.2711272,
          -0.711316,
          0,
          4.641527,
          1.9779794,
          -2.0654237,
          1
        ]
      },
      {
        "date" : 764808741.635119,
        "title" : "Untitled",
        "transform" : [
          -0.7389962,
          1.6924478e-08,
          -0.6737096,
          0,
          -0.18266097,
          0.96254355,
          0.200362,
          0,
          0.6484748,
          0.2711272,
          -0.7113161,
          0,
          4.5632124,
          3.2049901,
          0.7124765,
          1
        ]
      },
      {
        "date" : 764808738.69824,
        "title" : "Untitled",
        "transform" : [
          -0.9483463,
          1.44409285e-08,
          0.31723708,
          0,
          0.032590367,
          0.9947091,
          0.097425364,
          0,
          -0.3155586,
          0.102731824,
          -0.94332874,
          0,
          1.4188757,
          2.4752212,
          -5.1848125,
          1
        ]
      },
      {
        "date" : 764808734.398577,
        "title" : "Untitled",
        "transform" : [
          0.0997039,
          1.4404478e-08,
          0.9950171,
          0,
          0.13783056,
          0.9903595,
          -0.013811077,
          0,
          -0.98542476,
          0.13852076,
          0.09874268,
          0,
          -18.233395,
          7.713276,
          -10.515606,
          1
        ]
      }
    ]
  },
  "sceneViewportBackgroundColors" : {

  },
  "selectedSceneRelativePath" : "Immersive.usda"
}