{
  "advancedEditorSelectedIdentifier" : "ProjectBrowser",
  "openSceneRelativePaths" : [
    "Immersive.usda",
    "EsmeTestingScene.usda"
  ],
  "recentIdentifiers" : {
    "1D572CEB-057A-41C3-B575-04C37501A3C0" : [

    ],
    "1DB15FB2-81FF-4247-810A-EBE12EF36BA3" : [

    ]
  },
  "sceneCameraHistory" : {
    "1D572CEB-057A-41C3-B575-04C37501A3C0" : [
      {
        "date" : 764511726.333783,
        "title" : "Untitled",
        "transform" : [
          0.8967604,
          8.7419046e-08,
          0.44251612,
          0,
          0.23536563,
          0.8468196,
          -0.47696927,
          0,
          -0.37473136,
          0.5318804,
          0.7593943,
          0,
          -0.1620539,
          1.0790253,
          0.45841828,
          1
        ]
      },
      {
        "date" : 764510053.486413,
        "title" : "Untitled",
        "transform" : [
          0.921457,
          7.380521e-08,
          -0.3884802,
          0,
          -0.086309545,
          0.9750074,
          -0.20472226,
          0,
          0.37877107,
          0.22217238,
          0.8984275,
          0,
          0.29789594,
          0.8909221,
          0.46529213,
          1
        ]
      },
      {
        "date" : 764510051.512806,
        "title" : "Untitled",
        "transform" : [
          0.48152974,
          4.9338745e-08,
          -0.87642974,
          0,
          -0.7804483,
          0.45501092,
          -0.42879546,
          0,
          0.39878502,
          0.8904859,
          0.2191013,
          0,
          0.25910485,
          1.2940315,
          -0.00087499485,
          1
        ]
      },
      {
        "date" : 764510049.100365,
        "title" : "Untitled",
        "transform" : [
          -0.8252409,
          4.7134236e-08,
          -0.5647809,
          0,
          -0.36166707,
          0.768069,
          0.5284571,
          0,
          0.43379068,
          0.64036703,
          -0.63384193,
          0,
          0.11432359,
          1.1528935,
          -0.44293752,
          1
        ]
      },
      {
        "date" : 764510040.26789,
        "title" : "Untitled",
        "transform" : [
          -0.8535245,
          3.7999957e-08,
          0.5210528,
          0,
          0.22166903,
          0.9049936,
          0.36311084,
          0,
          -0.4715494,
          0.42542523,
          -0.7724342,
          0,
          -0.017928362,
          0.75648236,
          -0.01608777,
          1
        ]
      },
      {
        "date" : 764510038.654875,
        "title" : "Untitled",
        "transform" : [
          -0.85352445,
          5.2861253e-08,
          0.5210527,
          0,
          0.22166906,
          0.90499365,
          0.3631108,
          0,
          -0.47154975,
          0.42542508,
          -0.77243406,
          0,
          -2.1652288,
          2.3835669,
          -2.3368118,
          1
        ]
      },
      {
        "date" : 764510036.334274,
        "title" : "Untitled",
        "transform" : [
          -0.9681291,
          5.731768e-08,
          0.25045142,
          0,
          0.040967856,
          0.98653084,
          0.15836239,
          0,
          -0.24707845,
          0.16357556,
          -0.9550891,
          0,
          -1.4746298,
          1.4735785,
          -3.1828852,
          1
        ]
      },
      {
        "date" : 764508339.733677,
        "title" : "Untitled",
        "transform" : [
          -0.7228175,
          5.7820312e-08,
          0.69103897,
          0,
          0.15168524,
          0.9756118,
          0.15866062,
          0,
          -0.6741861,
          0.21950297,
          -0.70518917,
          0,
          -2.7784579,
          1.6677423,
          -1.9938734,
          1
        ]
      },
      {
        "date" : 764508336.56557,
        "title" : "Untitled",
        "transform" : [
          -0.7325591,
          6.1628214e-08,
          -0.6807034,
          0,
          -0.2280597,
          0.94220555,
          0.24543326,
          0,
          0.6413624,
          0.3350353,
          -0.6902215,
          0,
          0.30220103,
          1.9384173,
          -2.1668239,
          1
        ]
      },
      {
        "date" : 764508332.144774,
        "title" : "Untitled",
        "transform" : [
          -0.9486817,
          5.6268025e-08,
          -0.3162325,
          0,
          0.06957393,
          0.97549796,
          -0.20871814,
          0,
          0.30848396,
          -0.22000872,
          -0.92543715,
          0,
          -0.24969172,
          0.6719735,
          -3.0536745,
          1
        ]
      }
    ]
  },
  "sceneViewportBackgroundColors" : {

  },
  "selectedSceneRelativePath" : "Immersive.usda"
}