{
  "advancedEditorSelectedIdentifier" : "BehaviorsPluginID",
  "openSceneRelativePaths" : [
    "Immersive.usda",
    "EsmeTestingScene.usda"
  ],
  "recentIdentifiers" : {
    "1D572CEB-057A-41C3-B575-04C37501A3C0" : [

    ],
    "1DB15FB2-81FF-4247-810A-EBE12EF36BA3" : [

    ]
  },
  "sceneCameraHistory" : {
    "1D572CEB-057A-41C3-B575-04C37501A3C0" : [
      {
        "date" : 764495608.582224,
        "title" : "Untitled",
        "transform" : [
          0.4583397,
          2.5055922e-08,
          -0.88877714,
          0,
          -0.4425361,
          0.8672254,
          -0.22821452,
          0,
          0.7707701,
          0.49791577,
          0.39748392,
          0,
          3.4186697,
          3.458218,
          -0.03910303,
          1
        ]
      },
      {
        "date" : 764495603.684694,
        "title" : "Untitled",
        "transform" : [
          0.44824508,
          2.0954593e-08,
          -0.89391077,
          0,
          -0.23150046,
          0.96588403,
          -0.11608425,
          0,
          0.86341405,
          0.258975,
          0.43295285,
          0,
          4.1113725,
          2.1288116,
          0.24838024,
          1
        ]
      },
      {
        "date" : 764495602.349706,
        "title" : "Untitled",
        "transform" : [
          0.44824508,
          2.0954593e-08,
          -0.89391077,
          0,
          -0.23150046,
          0.96588403,
          -0.11608425,
          0,
          0.86341405,
          0.258975,
          0.43295285,
          0,
          3.0600436,
          1.5844481,
          -0.6924878,
          1
        ]
      },
      {
        "date" : 764495598.180556,
        "title" : "Untitled",
        "transform" : [
          0.44824508,
          2.0954593e-08,
          -0.89391077,
          0,
          -0.23150046,
          0.96588403,
          -0.11608425,
          0,
          0.86341405,
          0.258975,
          0.43295285,
          0,
          26.652706,
          13.800402,
          20.421345,
          1
        ]
      },
      {
        "date" : 764495588.161523,
        "title" : "Untitled",
        "transform" : [
          -0.50948685,
          1.5306583e-08,
          -0.86047846,
          0,
          -0.46724796,
          0.8397265,
          0.27665615,
          0,
          0.72256666,
          0.5430095,
          -0.4278295,
          0,
          27.183464,
          45.304794,
          -24.215527,
          1
        ]
      },
      {
        "date" : 764495309.982331,
        "title" : "Untitled",
        "transform" : [
          -0.94081146,
          1.2606897e-08,
          -0.33892998,
          0,
          0.089511015,
          0.9644955,
          -0.24846724,
          0,
          0.3268966,
          -0.26409882,
          -0.9074086,
          0,
          -0.032470465,
          0.21931896,
          -1.7128779,
          1
        ]
      },
      {
        "date" : 764495295.104459,
        "title" : "Untitled",
        "transform" : [
          -0.89629656,
          -2.031134e-09,
          -0.4434551,
          0,
          -0.11234637,
          0.9673764,
          0.22707072,
          0,
          0.42898813,
          0.25334334,
          -0.8670562,
          0,
          2.167096,
          2.4915712,
          -6.0612917,
          1
        ]
      },
      {
        "date" : 764495284.174253,
        "title" : "Untitled",
        "transform" : [
          -0.519936,
          -2.5515243e-09,
          -0.8542052,
          0,
          -0.26694888,
          0.949914,
          0.16248594,
          0,
          0.8114216,
          0.31251147,
          -0.49389446,
          0,
          4.9322863,
          2.881079,
          -3.8749745,
          1
        ]
      },
      {
        "date" : 764495274.830653,
        "title" : "Untitled",
        "transform" : [
          -0.39474314,
          -1.1102643e-09,
          -0.9187915,
          0,
          -0.33252838,
          0.93220943,
          0.14286518,
          0,
          0.85650605,
          0.36191934,
          -0.3679832,
          0,
          5.347925,
          3.3365753,
          -2.7141864,
          1
        ]
      },
      {
        "date" : 764495271.642567,
        "title" : "Untitled",
        "transform" : [
          -0.055480216,
          -1.6013297e-09,
          -0.99845976,
          0,
          -0.58253986,
          0.8121574,
          0.03236931,
          0,
          0.8109064,
          0.58343846,
          -0.04505858,
          0,
          4.9322042,
          4.726635,
          -0.65736675,
          1
        ]
      }
    ]
  },
  "sceneViewportBackgroundColors" : {

  },
  "selectedSceneRelativePath" : "Immersive.usda"
}