{
  "advancedEditorSelectedIdentifier" : "BehaviorsPluginID",
  "openSceneRelativePaths" : [
    "Immersive.usda"
  ],
  "recentIdentifiers" : {
    "002B1BDB-819B-4E64-A87B-B75E2F5B3CC2" : [

    ],
    "1D572CEB-057A-41C3-B575-04C37501A3C0" : [

    ],
    "1DB15FB2-81FF-4247-810A-EBE12EF36BA3" : [

    ]
  },
  "sceneCameraHistory" : {
    "1D572CEB-057A-41C3-B575-04C37501A3C0" : [
      {
        "date" : 765847385.241527,
        "title" : "Untitled",
        "transform" : [
          0.011488058,
          -2.746652e-08,
          -0.9999341,
          0,
          -0.5117216,
          0.8591313,
          -0.005879098,
          0,
          0.8590746,
          0.5117554,
          0.009869732,
          0,
          2450.7974,
          1230.199,
          233.38985,
          1
        ]
      },
      {
        "date" : 765847383.277361,
        "title" : "Untitled",
        "transform" : [
          0.011488058,
          -2.746652e-08,
          -0.9999341,
          0,
          -0.5117216,
          0.8591313,
          -0.005879098,
          0,
          0.8590746,
          0.5117554,
          0.009869732,
          0,
          -0.032226562,
          0.67785645,
          -0.7963562,
          1
        ]
      },
      {
        "date" : 765847381.402068,
        "title" : "Untitled",
        "transform" : [
          0.011488058,
          -3.806557e-08,
          -0.9999341,
          0,
          -0.5117217,
          0.85913116,
          -0.005879107,
          0,
          0.8590745,
          0.5117554,
          0.009869731,
          0,
          2450.7974,
          1230.199,
          233.39009,
          1
        ]
      },
      {
        "date" : 765847191.157014,
        "title" : "Untitled",
        "transform" : [
          0.011488138,
          -2.1353145e-08,
          -0.999934,
          0,
          -0.5117217,
          0.8591312,
          -0.005879137,
          0,
          0.85907453,
          0.5117554,
          0.009869809,
          0,
          0.9797325,
          1.4600778,
          -1.5095935,
          1
        ]
      },
      {
        "date" : 765847185.484596,
        "title" : "Untitled",
        "transform" : [
          -0.9976799,
          -2.1722425e-08,
          0.06808015,
          0,
          0.018813197,
          0.9610602,
          0.27569813,
          0,
          -0.06542913,
          0.27633926,
          -0.9588304,
          0,
          -0.6291393,
          0.6763818,
          -4.866395,
          1
        ]
      },
      {
        "date" : 765847180.018309,
        "title" : "Untitled",
        "transform" : [
          -0.9976799,
          -2.2644102e-08,
          0.06808015,
          0,
          0.018813197,
          0.9610602,
          0.27569813,
          0,
          -0.06542913,
          0.27633926,
          -0.9588304,
          0,
          -137.80199,
          657.65826,
          -2615.633,
          1
        ]
      },
      {
        "date" : 765847168.716809,
        "title" : "Untitled",
        "transform" : [
          -0.9976799,
          -2.3565779e-08,
          0.06808015,
          0,
          0.018813195,
          0.9610602,
          0.27569813,
          0,
          -0.06542913,
          0.27633926,
          -0.9588304,
          0,
          -0.46265507,
          0.64936197,
          -0.9398351,
          1
        ]
      },
      {
        "date" : 765847166.226359,
        "title" : "Untitled",
        "transform" : [
          -0.9976799,
          -2.540913e-08,
          0.06808015,
          0,
          0.018813193,
          0.9610602,
          0.27569813,
          0,
          -0.06542913,
          0.27633926,
          -0.9588304,
          0,
          -137.80167,
          657.6582,
          -2615.633,
          1
        ]
      },
      {
        "date" : 765846947.316805,
        "title" : "Untitled",
        "transform" : [
          -0.9976799,
          -2.646478e-08,
          0.06808015,
          0,
          0.018813187,
          0.96106017,
          0.27569813,
          0,
          -0.065429114,
          0.27633923,
          -0.95883036,
          0,
          0.24668214,
          1.2820705,
          -2.1660213,
          1
        ]
      },
      {
        "date" : 765846928.878073,
        "title" : "Untitled",
        "transform" : [
          -0.99767977,
          -2.6464777e-08,
          0.06808014,
          0,
          0.018813187,
          0.96106017,
          0.27569813,
          0,
          -0.065429114,
          0.27633923,
          -0.95883036,
          0,
          -0.0491669,
          0.7740909,
          -1.585157,
          1
        ]
      }
    ],
    "69D5EC21-9986-4FB9-A305-F3E790A27330" : [
      {
        "date" : 765689937.096622,
        "title" : "Untitled",
        "transform" : [
          0.990055,
          2.980336e-09,
          -0.14068082,
          0,
          -0.022422474,
          0.9872164,
          -0.15780057,
          0,
          0.13888243,
          0.15938564,
          0.9773986,
          0,
          1.3248677,
          0.80705035,
          4.498005,
          1
        ]
      }
    ]
  },
  "sceneViewportBackgroundColors" : {

  },
  "selectedSceneRelativePath" : "Immersive.usda"
}