{
  "advancedEditorSelectedIdentifier" : "BehaviorsPluginID",
  "openSceneRelativePaths" : [
    "Immersive.usda"
  ],
  "recentIdentifiers" : {
    "002B1BDB-819B-4E64-A87B-B75E2F5B3CC2" : [

    ],
    "1D572CEB-057A-41C3-B575-04C37501A3C0" : [

    ],
    "1DB15FB2-81FF-4247-810A-EBE12EF36BA3" : [

    ]
  },
  "sceneCameraHistory" : {
    "1D572CEB-057A-41C3-B575-04C37501A3C0" : [
      {
        "date" : 765932927.883839,
        "title" : "Untitled",
        "transform" : [
          0.9548268,
          1.14713075e-05,
          -0.2971629,
          0,
          -0.1875701,
          0.7756409,
          -0.6026595,
          0,
          0.2304848,
          0.6311743,
          0.7406049,
          0,
          0.9272688,
          3.3181965,
          2.8377423,
          1
        ]
      },
      {
        "date" : 765932920.930279,
        "title" : "Untitled",
        "transform" : [
          0.996064,
          -1.3046234e-08,
          0.088635825,
          0,
          0.07004137,
          0.61282957,
          -0.7871049,
          0,
          -0.054318585,
          0.79021513,
          0.6104176,
          0,
          6.488424,
          6.9631367,
          2.483539,
          1
        ]
      },
      {
        "date" : 765932592.665269,
        "title" : "Untitled",
        "transform" : [
          0.60563457,
          -1.4450136e-08,
          0.7957428,
          0,
          0.12938057,
          0.9866935,
          -0.09847067,
          0,
          -0.7851542,
          0.1625909,
          0.5975758,
          0,
          0.048519373,
          1.4326973,
          2.3703723,
          1
        ]
      },
      {
        "date" : 765932590.941195,
        "title" : "Untitled",
        "transform" : [
          0.9275506,
          -1.2135673e-08,
          -0.37369746,
          0,
          -0.10352778,
          0.9608594,
          -0.25696528,
          0,
          0.35907075,
          0.27703637,
          0.8912457,
          0,
          6.9926624,
          2.0945282,
          2.8801541,
          1
        ]
      },
      {
        "date" : 765932556.939763,
        "title" : "Untitled",
        "transform" : [
          0.8148759,
          -1.9901993e-08,
          0.57963556,
          0,
          0.06659987,
          0.99337715,
          -0.093628846,
          0,
          -0.57579666,
          0.11489954,
          0.80947906,
          0,
          2.4416163,
          0.7106396,
          1.3760736,
          1
        ]
      },
      {
        "date" : 765932543.215367,
        "title" : "Untitled",
        "transform" : [
          0.81487584,
          -2.4363555e-08,
          0.5796355,
          0,
          0.066599846,
          0.9933771,
          -0.09362886,
          0,
          -0.57579666,
          0.114899516,
          0.8094791,
          0,
          -2.2813342,
          1.4516107,
          2.0584018,
          1
        ]
      },
      {
        "date" : 765932515.166624,
        "title" : "Untitled",
        "transform" : [
          -0.925935,
          -2.6442864e-08,
          -0.3776828,
          0,
          -0.19004853,
          0.8641723,
          0.4659269,
          0,
          0.32638302,
          0.50319606,
          -0.80016744,
          0,
          0.8656962,
          2.7137,
          -3.055426,
          1
        ]
      },
      {
        "date" : 765931592.835037,
        "title" : "Untitled",
        "transform" : [
          -0.99198735,
          -2.6073153e-08,
          0.12633672,
          0,
          0.065787554,
          0.85372025,
          0.5165594,
          0,
          -0.10785626,
          0.5207318,
          -0.8468798,
          0,
          -0.27901444,
          0.980295,
          -1.5929942,
          1
        ]
      },
      {
        "date" : 765931583.859493,
        "title" : "Untitled",
        "transform" : [
          -0.8111003,
          -2.629088e-08,
          -0.58490694,
          0,
          -0.34200037,
          0.81124306,
          0.4742577,
          0,
          0.47450173,
          0.584709,
          -0.65799963,
          0,
          0.27999088,
          1.0409775,
          -1.4399405,
          1
        ]
      },
      {
        "date" : 765931551.618671,
        "title" : "Untitled",
        "transform" : [
          -0.26395506,
          -1.9995303e-08,
          0.96453494,
          0,
          0.3605741,
          0.9274964,
          0.098674834,
          0,
          -0.8946028,
          0.37383208,
          -0.24481733,
          0,
          -0.99034894,
          0.8426221,
          -1.0018208,
          1
        ]
      }
    ],
    "69D5EC21-9986-4FB9-A305-F3E790A27330" : [
      {
        "date" : 765689937.096622,
        "title" : "Untitled",
        "transform" : [
          0.990055,
          2.980336e-09,
          -0.14068082,
          0,
          -0.022422474,
          0.9872164,
          -0.15780057,
          0,
          0.13888243,
          0.15938564,
          0.9773986,
          0,
          1.3248677,
          0.80705035,
          4.498005,
          1
        ]
      }
    ]
  },
  "sceneViewportBackgroundColors" : {

  },
  "selectedSceneRelativePath" : "Immersive.usda"
}