{
  "advancedEditorSelectedIdentifier" : "BehaviorsPluginID",
  "openSceneRelativePaths" : [
    "Immersive.usda",
    "EsmeTestingScene.usda"
  ],
  "recentIdentifiers" : {
    "1D572CEB-057A-41C3-B575-04C37501A3C0" : [

    ],
    "1DB15FB2-81FF-4247-810A-EBE12EF36BA3" : [

    ]
  },
  "sceneCameraHistory" : {
    "1D572CEB-057A-41C3-B575-04C37501A3C0" : [
      {
        "date" : 764533170.691678,
        "title" : "Untitled",
        "transform" : [
          0.93881965,
          -2.5333033e-09,
          0.3444091,
          0,
          0.13920167,
          0.9146815,
          -0.37944776,
          0,
          -0.31502464,
          0.40417537,
          0.85872096,
          0,
          -106.99675,
          5.6458273,
          83.733574,
          1
        ]
      },
      {
        "date" : 764533166.503191,
        "title" : "Untitled",
        "transform" : [
          0.9388195,
          -2.5333031e-09,
          0.34440908,
          0,
          0.13920169,
          0.9146816,
          -0.37944782,
          0,
          -0.31502464,
          0.40417537,
          0.85872096,
          0,
          -0.3257221,
          6.609291,
          20.373518,
          1
        ]
      },
      {
        "date" : 764532958.804257,
        "title" : "Untitled",
        "transform" : [
          0.56124985,
          -1.1605832e-09,
          -0.82764643,
          0,
          -0.06430994,
          0.9969767,
          -0.04361034,
          0,
          0.8251442,
          0.07770221,
          0.559553,
          0,
          5.611688,
          0.36018565,
          1.0804346,
          1
        ]
      },
      {
        "date" : 764532940.915495,
        "title" : "Untitled",
        "transform" : [
          0.9991116,
          -1.723881e-10,
          -0.042144313,
          0,
          -0.007869642,
          0.98241115,
          -0.18656494,
          0,
          0.04140304,
          0.18673085,
          0.9815383,
          0,
          -57.78852,
          17.16082,
          151.02693,
          1
        ]
      },
      {
        "date" : 764532836.119346,
        "title" : "Untitled",
        "transform" : [
          0.9991116,
          -1.723881e-10,
          -0.042144313,
          0,
          -0.007869642,
          0.98241115,
          -0.18656494,
          0,
          0.04140304,
          0.18673085,
          0.9815383,
          0,
          -70.90214,
          14.099873,
          133.161,
          1
        ]
      },
      {
        "date" : 764532833.399179,
        "title" : "Untitled",
        "transform" : [
          0.9927428,
          -0.026916275,
          -0.117205806,
          0,
          0.0035618653,
          0.9807834,
          -0.19506736,
          0,
          0.120203994,
          0.19323431,
          0.9737615,
          0,
          -77.274315,
          12.996296,
          135.91795,
          1
        ]
      },
      {
        "date" : 764532829.073026,
        "title" : "Untitled",
        "transform" : [
          0.9927429,
          -0.026916279,
          -0.11720582,
          0,
          0.0035618653,
          0.9807834,
          -0.19506736,
          0,
          0.120203994,
          0.19323431,
          0.9737615,
          0,
          -11.556335,
          29.177628,
          250.63354,
          1
        ]
      },
      {
        "date" : 764532819.838262,
        "title" : "Untitled",
        "transform" : [
          0.9076028,
          -0.026916277,
          -0.4189663,
          0,
          -0.36697203,
          0.43389028,
          -0.82284313,
          0,
          0.20393327,
          0.90056366,
          0.3839225,
          0,
          1.0849292,
          161.19493,
          129.96123,
          1
        ]
      },
      {
        "date" : 764532811.338618,
        "title" : "Untitled",
        "transform" : [
          0.99972486,
          2.138301e-09,
          0.023453785,
          0,
          -0.0009686287,
          0.9991468,
          0.041288197,
          0,
          -0.023433842,
          -0.04129951,
          0.99887186,
          0,
          -13.309212,
          6.1019263,
          56.566837,
          1
        ]
      },
      {
        "date" : 764532805.906588,
        "title" : "Untitled",
        "transform" : [
          0.99240804,
          2.5223574e-09,
          0.12298981,
          0,
          -0.031862963,
          0.9658586,
          0.25710312,
          0,
          -0.11879082,
          -0.25906995,
          0.9585258,
          0,
          -17.110796,
          -2.1693287,
          57.480034,
          1
        ]
      }
    ]
  },
  "sceneViewportBackgroundColors" : {

  },
  "selectedSceneRelativePath" : "Immersive.usda"
}