{
  "advancedEditorSelectedIdentifier" : "ProjectBrowser",
  "openSceneRelativePaths" : [
    "Immersive.usda"
  ],
  "recentIdentifiers" : {
    "002B1BDB-819B-4E64-A87B-B75E2F5B3CC2" : [

    ],
    "1D572CEB-057A-41C3-B575-04C37501A3C0" : [

    ],
    "1DB15FB2-81FF-4247-810A-EBE12EF36BA3" : [

    ]
  },
  "sceneCameraHistory" : {
    "1D572CEB-057A-41C3-B575-04C37501A3C0" : [
      {
        "date" : 765935184.826231,
        "title" : "Untitled",
        "transform" : [
          0.98473513,
          -5.080303e-07,
          0.17405958,
          0,
          0.05721535,
          0.9444314,
          -0.3236908,
          0,
          -0.16438718,
          0.32870856,
          0.93001485,
          0,
          -0.10869344,
          0.866433,
          -0.4515877,
          1
        ]
      },
      {
        "date" : 765935177.564351,
        "title" : "Untitled",
        "transform" : [
          0.98473513,
          -5.117556e-07,
          0.17405958,
          0,
          0.057215355,
          0.9444314,
          -0.3236908,
          0,
          -0.16438718,
          0.32870856,
          0.93001485,
          0,
          -268.35156,
          522.2009,
          2043.7303,
          1
        ]
      },
      {
        "date" : 765935174.458385,
        "title" : "Untitled",
        "transform" : [
          0.98473513,
          -5.117556e-07,
          0.17405958,
          0,
          0.057215355,
          0.9444314,
          -0.3236908,
          0,
          -0.16438718,
          0.32870856,
          0.93001485,
          0,
          -383.05472,
          742.935,
          2913.2373,
          1
        ]
      },
      {
        "date" : 765935166.278887,
        "title" : "Untitled",
        "transform" : [
          0.98473513,
          -5.1361826e-07,
          0.17405958,
          0,
          0.057215355,
          0.9444314,
          -0.3236908,
          0,
          -0.16438718,
          0.32870856,
          0.93001485,
          0,
          -0.07147676,
          2.9276896,
          10.033763,
          1
        ]
      },
      {
        "date" : 765935165.277322,
        "title" : "Untitled",
        "transform" : [
          0.98473513,
          -5.1361826e-07,
          0.17405958,
          0,
          0.057215355,
          0.9444314,
          -0.3236908,
          0,
          -0.16438718,
          0.32870856,
          0.93001485,
          0,
          -20.346594,
          42.103634,
          163.72923,
          1
        ]
      },
      {
        "date" : 765935161.82906,
        "title" : "Untitled",
        "transform" : [
          0.98473513,
          -5.154809e-07,
          0.17405958,
          0,
          0.05721536,
          0.9444314,
          -0.3236908,
          0,
          -0.16438718,
          0.32870856,
          0.93001485,
          0,
          -383.05484,
          742.93494,
          2913.2373,
          1
        ]
      },
      {
        "date" : 765935158.613994,
        "title" : "Untitled",
        "transform" : [
          0.98473513,
          -5.1477633e-07,
          0.17405958,
          0,
          0.057215363,
          0.9444314,
          -0.32369083,
          0,
          -0.16438718,
          0.3287086,
          0.93001485,
          0,
          -383.0546,
          742.93475,
          2913.2368,
          1
        ]
      },
      {
        "date" : 765935121.696508,
        "title" : "Untitled",
        "transform" : [
          0.98473513,
          -5.121222e-07,
          0.1740596,
          0,
          0.05721533,
          0.9444314,
          -0.32369086,
          0,
          -0.1643871,
          0.32870862,
          0.9300148,
          0,
          0.17783321,
          1.2573444,
          0.81516117,
          1
        ]
      },
      {
        "date" : 765935118.232138,
        "title" : "Untitled",
        "transform" : [
          0.9878882,
          -5.151299e-07,
          0.15516762,
          0,
          0.089041665,
          0.81896794,
          -0.56688905,
          0,
          -0.12707694,
          0.5738393,
          0.8090487,
          0,
          0.26838738,
          1.5986865,
          0.41543764,
          1
        ]
      },
      {
        "date" : 765935115.713076,
        "title" : "Untitled",
        "transform" : [
          0.9019525,
          -5.162915e-07,
          0.43183553,
          0,
          0.13465618,
          0.9501406,
          -0.28124833,
          0,
          -0.41030416,
          0.31182188,
          0.85698164,
          0,
          -0.2520373,
          1.2317214,
          0.88099366,
          1
        ]
      }
    ],
    "69D5EC21-9986-4FB9-A305-F3E790A27330" : [
      {
        "date" : 765689937.096622,
        "title" : "Untitled",
        "transform" : [
          0.990055,
          2.980336e-09,
          -0.14068082,
          0,
          -0.022422474,
          0.9872164,
          -0.15780057,
          0,
          0.13888243,
          0.15938564,
          0.9773986,
          0,
          1.3248677,
          0.80705035,
          4.498005,
          1
        ]
      }
    ]
  },
  "sceneViewportBackgroundColors" : {

  },
  "selectedSceneRelativePath" : "Immersive.usda"
}