{
  "advancedEditorSelectedIdentifier" : "BehaviorsPluginID",
  "openSceneRelativePaths" : [
    "Immersive.usda"
  ],
  "recentIdentifiers" : {
    "002B1BDB-819B-4E64-A87B-B75E2F5B3CC2" : [

    ],
    "1D572CEB-057A-41C3-B575-04C37501A3C0" : [

    ],
    "1DB15FB2-81FF-4247-810A-EBE12EF36BA3" : [

    ]
  },
  "sceneCameraHistory" : {
    "1D572CEB-057A-41C3-B575-04C37501A3C0" : [
      {
        "date" : 765910274.877408,
        "title" : "Untitled",
        "transform" : [
          -0.2123996,
          -1.120658e-08,
          0.9771829,
          0,
          0.3020744,
          0.9510206,
          0.065658644,
          0,
          -0.92932093,
          0.30912784,
          -0.2019964,
          0,
          -36.326027,
          4.06956,
          -54.191868,
          1
        ]
      },
      {
        "date" : 765910261.57483,
        "title" : "Untitled",
        "transform" : [
          0.90531266,
          3.6670658e-09,
          0.424746,
          0,
          0.1130681,
          0.96391743,
          -0.24099582,
          0,
          -0.40942007,
          0.2662017,
          0.8726466,
          0,
          -25.500206,
          1.6659839,
          -76.26564,
          1
        ]
      },
      {
        "date" : 765910253.731427,
        "title" : "Untitled",
        "transform" : [
          0.24054821,
          1.9160414e-08,
          0.9706372,
          0,
          0.6099397,
          0.7778977,
          -0.15115836,
          0,
          -0.75505644,
          0.628391,
          0.18712188,
          0,
          -34.178383,
          9.457169,
          -89.99142,
          1
        ]
      },
      {
        "date" : 765910250.922151,
        "title" : "Untitled",
        "transform" : [
          0.23729995,
          1.3725281e-08,
          0.9714364,
          0,
          0.28882226,
          0.95477945,
          -0.070552774,
          0,
          -0.9275076,
          0.29731464,
          0.22656913,
          0,
          -36.39366,
          2.4207957,
          -89.50978,
          1
        ]
      },
      {
        "date" : 765910245.634985,
        "title" : "Untitled",
        "transform" : [
          0.8787956,
          1.6441081e-08,
          0.47719824,
          0,
          0.23820947,
          0.86649626,
          -0.43868026,
          0,
          -0.41349053,
          0.49918345,
          0.7614731,
          0,
          -25.793266,
          5.7222166,
          -33.718853,
          1
        ]
      },
      {
        "date" : 765910240.099668,
        "title" : "Untitled",
        "transform" : [
          0.8787956,
          1.6441081e-08,
          0.47719824,
          0,
          0.23820947,
          0.86649626,
          -0.43868026,
          0,
          -0.41349053,
          0.49918345,
          0.7614731,
          0,
          11.297775,
          1.998001,
          -73.050156,
          1
        ]
      },
      {
        "date" : 765910236.580198,
        "title" : "Untitled",
        "transform" : [
          0.8787956,
          8.990501e-09,
          0.47719824,
          0,
          0.23820949,
          0.86649626,
          -0.43868026,
          0,
          -0.41349053,
          0.49918345,
          0.7614731,
          0,
          4.758209,
          0.9646492,
          -30.932297,
          1
        ]
      },
      {
        "date" : 765910232.767335,
        "title" : "Untitled",
        "transform" : [
          0.8787956,
          1.5522206e-09,
          0.47719827,
          0,
          0.2382095,
          0.86649626,
          -0.43868026,
          0,
          -0.41349056,
          0.49918345,
          0.7614731,
          0,
          -68.76849,
          40.1532,
          96.820435,
          1
        ]
      },
      {
        "date" : 765910228.194677,
        "title" : "Untitled",
        "transform" : [
          0.8787956,
          9.0151016e-09,
          0.4771983,
          0,
          0.23820952,
          0.86649626,
          -0.43868023,
          0,
          -0.4134906,
          0.49918348,
          0.7614731,
          0,
          -3986.4202,
          4870.6064,
          7618.804,
          1
        ]
      },
      {
        "date" : 765910222.226703,
        "title" : "Untitled",
        "transform" : [
          0.8787956,
          -6.2873173e-10,
          0.4771983,
          0,
          0.026004694,
          0.99851406,
          -0.047889546,
          0,
          -0.47648925,
          0.05449452,
          0.8774898,
          0,
          4.5122857,
          -0.12263056,
          -57.75174,
          1
        ]
      }
    ],
    "69D5EC21-9986-4FB9-A305-F3E790A27330" : [
      {
        "date" : 765689937.096622,
        "title" : "Untitled",
        "transform" : [
          0.990055,
          2.980336e-09,
          -0.14068082,
          0,
          -0.022422474,
          0.9872164,
          -0.15780057,
          0,
          0.13888243,
          0.15938564,
          0.9773986,
          0,
          1.3248677,
          0.80705035,
          4.498005,
          1
        ]
      }
    ]
  },
  "sceneViewportBackgroundColors" : {

  },
  "selectedSceneRelativePath" : "Immersive.usda"
}