{
  "advancedEditorSelectedIdentifier" : "BehaviorsPluginID",
  "openSceneRelativePaths" : [
    "Immersive.usda"
  ],
  "recentIdentifiers" : {
    "002B1BDB-819B-4E64-A87B-B75E2F5B3CC2" : [

    ],
    "1D572CEB-057A-41C3-B575-04C37501A3C0" : [

    ],
    "1DB15FB2-81FF-4247-810A-EBE12EF36BA3" : [

    ]
  },
  "sceneCameraHistory" : {
    "1D572CEB-057A-41C3-B575-04C37501A3C0" : [
      {
        "date" : 766207566.214468,
        "title" : "Untitled",
        "transform" : [
          0.99840474,
          -2.8820507e-10,
          -0.05646332,
          0,
          -0.022534076,
          0.91691077,
          -0.39845562,
          0,
          0.051771823,
          0.39909232,
          0.91544795,
          0,
          3.410523,
          1.2386637,
          3.4069672,
          1
        ]
      },
      {
        "date" : 766207554.634681,
        "title" : "Untitled",
        "transform" : [
          0.9936672,
          -1.2256521e-09,
          0.11236324,
          0,
          0.03443831,
          0.95187354,
          -0.30454987,
          0,
          -0.10695562,
          0.30649087,
          0.94584554,
          0,
          8.176138,
          7.889399,
          22.149971,
          1
        ]
      },
      {
        "date" : 766207495.994891,
        "title" : "Untitled",
        "transform" : [
          0.9870955,
          -1.3640609e-09,
          0.16013287,
          0,
          0.039921854,
          0.9684251,
          -0.24608737,
          0,
          -0.15507668,
          0.24930453,
          0.9559279,
          0,
          3.1346688,
          1.8520172,
          22.931938,
          1
        ]
      },
      {
        "date" : 766207491.012571,
        "title" : "Untitled",
        "transform" : [
          0.9876739,
          -1.4212308e-09,
          0.15652606,
          0,
          0.036798086,
          0.9719731,
          -0.23219463,
          0,
          -0.1521391,
          0.23509242,
          0.9599924,
          0,
          3.0229783,
          1.1191283,
          26.006798,
          1
        ]
      },
      {
        "date" : 766207488.272638,
        "title" : "Untitled",
        "transform" : [
          0.98788506,
          -1.4202601e-09,
          0.1551875,
          0,
          0.036727097,
          0.97159195,
          -0.23379555,
          0,
          -0.15077892,
          0.23666272,
          0.9598211,
          0,
          3.1686096,
          1.2882389,
          25.993744,
          1
        ]
      },
      {
        "date" : 766207472.187599,
        "title" : "Untitled",
        "transform" : [
          0.9998828,
          -3.4394827e-09,
          0.0153079685,
          0,
          0.0050007524,
          0.9451363,
          -0.326638,
          0,
          -0.014468108,
          0.32667625,
          0.94502556,
          0,
          5.178343,
          1.4409158,
          1.9988768,
          1
        ]
      },
      {
        "date" : 766207465.778314,
        "title" : "Untitled",
        "transform" : [
          0.9977528,
          -3.4661713e-09,
          -0.067002505,
          0,
          -0.012357083,
          0.98284614,
          -0.18401277,
          0,
          0.06585316,
          0.1844272,
          0.98063755,
          0,
          5.457113,
          0.94553304,
          2.086255,
          1
        ]
      },
      {
        "date" : 766207463.326955,
        "title" : "Untitled",
        "transform" : [
          0.9977528,
          -2.67639e-09,
          -0.06700251,
          0,
          -0.012357081,
          0.98284614,
          -0.18401276,
          0,
          0.06585315,
          0.18442722,
          0.98063755,
          0,
          -0.18147904,
          3.392908,
          -15.606507,
          1
        ]
      },
      {
        "date" : 766207451.126508,
        "title" : "Untitled",
        "transform" : [
          0.9977415,
          -2.6389202e-09,
          0.0671703,
          0,
          0.011366195,
          0.9855793,
          -0.16883238,
          0,
          -0.06620167,
          0.16921455,
          0.9833534,
          0,
          -10.93628,
          3.433449,
          12.849602,
          1
        ]
      },
      {
        "date" : 766207449.788259,
        "title" : "Untitled",
        "transform" : [
          0.9979652,
          -2.599437e-09,
          0.0637604,
          0,
          0.012089196,
          0.9818608,
          -0.18921767,
          0,
          -0.06260384,
          0.18960345,
          0.9798628,
          0,
          -10.608532,
          5.3852158,
          12.769409,
          1
        ]
      }
    ],
    "69D5EC21-9986-4FB9-A305-F3E790A27330" : [
      {
        "date" : 765689937.096622,
        "title" : "Untitled",
        "transform" : [
          0.990055,
          2.980336e-09,
          -0.14068082,
          0,
          -0.022422474,
          0.9872164,
          -0.15780057,
          0,
          0.13888243,
          0.15938564,
          0.9773986,
          0,
          1.3248677,
          0.80705035,
          4.498005,
          1
        ]
      }
    ],
    "9E208371-958C-470E-BECE-8373E404B665" : [
      {
        "date" : 766190741.083793,
        "title" : "Untitled",
        "transform" : [
          -0.92084736,
          -0.00017442636,
          -0.38992321,
          0,
          -0.15581477,
          0.9168525,
          0.3675639,
          0,
          0.35743797,
          0.39922607,
          -0.84430844,
          0,
          0.06891025,
          0.9597459,
          -0.08947642,
          1
        ]
      },
      {
        "date" : 766190231.571115,
        "title" : "Untitled",
        "transform" : [
          -0.9102719,
          3.643546e-09,
          0.414011,
          0,
          0.08087866,
          0.9807328,
          0.17782515,
          0,
          -0.40603417,
          0.1953539,
          -0.8927335,
          0,
          -0.4658171,
          0.72332656,
          -0.1868654,
          1
        ]
      },
      {
        "date" : 766190208.970811,
        "title" : "Untitled",
        "transform" : [
          -0.28773665,
          0.00022231278,
          -0.95770955,
          0,
          -0.43992734,
          0.8882228,
          0.13237906,
          0,
          0.85068893,
          0.45941293,
          -0.25547647,
          0,
          2.0288885,
          1.5524276,
          -0.574574,
          1
        ]
      }
    ]
  },
  "sceneViewportBackgroundColors" : {

  },
  "selectedSceneRelativePath" : "Untitled Scene.usda"
}