{
  "advancedEditorSelectedIdentifier" : "ProjectBrowser",
  "openSceneRelativePaths" : [
    "Immersive.usda",
    "EsmeTestingScene.usda"
  ],
  "recentIdentifiers" : {
    "1D572CEB-057A-41C3-B575-04C37501A3C0" : [

    ],
    "1DB15FB2-81FF-4247-810A-EBE12EF36BA3" : [

    ]
  },
  "sceneCameraHistory" : {
    "1D572CEB-057A-41C3-B575-04C37501A3C0" : [
      {
        "date" : 764715381.924239,
        "title" : "Untitled",
        "transform" : [
          -0.9989757,
          -0.025673265,
          0.037264466,
          0,
          -0.021380765,
          0.9935528,
          0.11133606,
          0,
          -0.03988258,
          0.11042528,
          -0.9930839,
          0,
          -0.6296608,
          0.37958834,
          -4.750408,
          1
        ]
      },
      {
        "date" : 764715376.171208,
        "title" : "Untitled",
        "transform" : [
          -0.94411176,
          -0.025673268,
          -0.3286245,
          0,
          -0.22917835,
          0.76769227,
          0.5984362,
          0,
          0.23691878,
          0.64030415,
          -0.730671,
          0,
          82.281204,
          200.53613,
          -141.59769,
          1
        ]
      },
      {
        "date" : 764707159.32817,
        "title" : "Untitled",
        "transform" : [
          -0.9626738,
          -0.025673285,
          -0.2694447,
          0,
          -0.037621096,
          0.9985202,
          0.03927169,
          0,
          0.26803777,
          0.047942538,
          -0.9622148,
          0,
          89.228905,
          -4.148529,
          -209.47356,
          1
        ]
      },
      {
        "date" : 764707130.880294,
        "title" : "Untitled",
        "transform" : [
          -0.67221445,
          -0.025673285,
          -0.7399113,
          0,
          -0.63243186,
          0.5395013,
          0.55584913,
          0,
          0.3849127,
          0.8415932,
          -0.37889713,
          0,
          110.333725,
          143.80382,
          -99.6252,
          1
        ]
      },
      {
        "date" : 764707128.976031,
        "title" : "Untitled",
        "transform" : [
          -0.98407215,
          -0.025673259,
          -0.17590545,
          0,
          -0.17703031,
          0.051408924,
          0.98286194,
          0,
          -0.01619007,
          0.99834764,
          -0.055135068,
          0,
          41.927864,
          179.56142,
          -67.53125,
          1
        ]
      },
      {
        "date" : 764707117.34048,
        "title" : "Untitled",
        "transform" : [
          -0.0037327253,
          -0.025673257,
          -0.9996634,
          0,
          -0.40438062,
          0.9143269,
          -0.02197168,
          0,
          0.91458315,
          0.40416244,
          -0.013794707,
          0,
          191.24,
          18.934528,
          29.609104,
          1
        ]
      },
      {
        "date" : 764707113.18156,
        "title" : "Untitled",
        "transform" : [
          -0.0037327253,
          -0.025673257,
          -0.9996634,
          0,
          -0.40438062,
          0.9143269,
          -0.02197168,
          0,
          0.91458315,
          0.40416244,
          -0.013794707,
          0,
          61.785286,
          6.117315,
          6.943191,
          1
        ]
      },
      {
        "date" : 764707100.426431,
        "title" : "Untitled",
        "transform" : [
          0.681044,
          -0.025673252,
          -0.73179233,
          0,
          -0.73099667,
          0.034435976,
          -0.68151164,
          0,
          0.042696614,
          0.9990771,
          0.0046853833,
          0,
          10.031998,
          194.04594,
          -0.6891809,
          1
        ]
      },
      {
        "date" : 764707092.734025,
        "title" : "Untitled",
        "transform" : [
          0.6810439,
          -0.025673252,
          -0.73179233,
          0,
          -0.73099667,
          0.03443606,
          -0.68151164,
          0,
          0.042696662,
          0.999077,
          0.004685382,
          0,
          131.89453,
          264.84134,
          -138.10239,
          1
        ]
      },
      {
        "date" : 764707083.596021,
        "title" : "Untitled",
        "transform" : [
          0.10411844,
          -0.025673272,
          -0.9942335,
          0,
          -0.8023115,
          0.5886017,
          -0.09921893,
          0,
          0.5877547,
          0.8080154,
          0.040686328,
          0,
          21.141333,
          30.60364,
          -29.233723,
          1
        ]
      }
    ]
  },
  "sceneViewportBackgroundColors" : {

  },
  "selectedSceneRelativePath" : "Immersive.usda"
}