{
  "advancedEditorSelectedIdentifier" : "BehaviorsPluginID",
  "openSceneRelativePaths" : [
    "Immersive.usda",
    "TestPlaceScenes\/Test.usda"
  ],
  "recentIdentifiers" : {
    "002B1BDB-819B-4E64-A87B-B75E2F5B3CC2" : [

    ],
    "1D572CEB-057A-41C3-B575-04C37501A3C0" : [

    ],
    "1DB15FB2-81FF-4247-810A-EBE12EF36BA3" : [

    ]
  },
  "sceneCameraHistory" : {
    "1D572CEB-057A-41C3-B575-04C37501A3C0" : [
      {
        "date" : 765623135.617619,
        "title" : "Untitled",
        "transform" : [
          0.9979275,
          -0.00029045125,
          -0.06434883,
          0,
          -0.021231817,
          0.9425042,
          -0.3335191,
          0,
          0.060745906,
          0.33419406,
          0.94054466,
          0,
          0.110898405,
          0.8121058,
          1.5003382,
          1
        ]
      },
      {
        "date" : 765620943.086369,
        "title" : "Untitled",
        "transform" : [
          0.9914232,
          -0.0002904508,
          -0.13069062,
          0,
          -0.07763978,
          0.80310124,
          -0.5907627,
          0,
          0.10512938,
          0.59584254,
          0.7961906,
          0,
          0.085357666,
          0.8724365,
          0.44213867,
          1
        ]
      },
      {
        "date" : 765620354.744513,
        "title" : "Untitled",
        "transform" : [
          0.99142313,
          -0.0002904531,
          -0.13069063,
          0,
          -0.07763978,
          0.80310124,
          -0.5907627,
          0,
          0.10512939,
          0.59584254,
          0.7961906,
          0,
          405.18082,
          1921.6758,
          2987.1538,
          1
        ]
      },
      {
        "date" : 765619434.863281,
        "title" : "Untitled",
        "transform" : [
          0.9914232,
          -0.00029045483,
          -0.13069063,
          0,
          -0.07763977,
          0.8031013,
          -0.5907626,
          0,
          0.105129406,
          0.59584254,
          0.7961907,
          0,
          0.99457663,
          1.5457377,
          1.6723924,
          1
        ]
      },
      {
        "date" : 765618136.813201,
        "title" : "Untitled",
        "transform" : [
          0.9896043,
          -0.00029045442,
          0.14381665,
          0,
          0.06862958,
          0.8797462,
          -0.47046426,
          0,
          -0.1263855,
          0.47544354,
          0.87062055,
          0,
          -0.26050234,
          0.89253616,
          1.9312227,
          1
        ]
      },
      {
        "date" : 765617717.028875,
        "title" : "Untitled",
        "transform" : [
          0.9896043,
          -0.00029045442,
          0.14381665,
          0,
          0.06862958,
          0.8797462,
          -0.47046426,
          0,
          -0.1263855,
          0.47544354,
          0.87062055,
          0,
          -0.28944314,
          0.9246807,
          2.0007753,
          1
        ]
      },
      {
        "date" : 765617711.599379,
        "title" : "Untitled",
        "transform" : [
          0.9997247,
          -0.00029045466,
          -0.023462927,
          0,
          -0.009980744,
          0.89969546,
          -0.43640408,
          0,
          0.021236243,
          0.4365181,
          0.8994448,
          0,
          0.049620423,
          0.835393,
          2.0595074,
          1
        ]
      },
      {
        "date" : 765617708.983221,
        "title" : "Untitled",
        "transform" : [
          0.9997247,
          -0.00029045466,
          -0.023462927,
          0,
          -0.009980744,
          0.89969546,
          -0.43640408,
          0,
          0.021236243,
          0.4365181,
          0.8994448,
          0,
          0.0034995861,
          0.05891788,
          0.14525115,
          1
        ]
      },
      {
        "date" : 765617486.56361,
        "title" : "Untitled",
        "transform" : [
          0.9997247,
          -0.00029045466,
          -0.023462927,
          0,
          -0.009980744,
          0.89969546,
          -0.43640408,
          0,
          0.021236243,
          0.4365181,
          0.8994448,
          0,
          0.026082993,
          0.75631714,
          0.49752235,
          1
        ]
      },
      {
        "date" : 765611324.724856,
        "title" : "Untitled",
        "transform" : [
          0.9997247,
          -0.00029045454,
          -0.023462927,
          0,
          -0.009980749,
          0.89969546,
          -0.43640408,
          0,
          0.021236124,
          0.43651807,
          0.8994449,
          0,
          -13.134083,
          -93.99113,
          26.884842,
          1
        ]
      }
    ]
  },
  "sceneViewportBackgroundColors" : {

  },
  "selectedSceneRelativePath" : "Immersive.usda"
}