{
  "advancedEditorSelectedIdentifier" : "BehaviorsPluginID",
  "openSceneRelativePaths" : [
    "Immersive.usda",
    "TestPlaceScenes\/Test.usda"
  ],
  "recentIdentifiers" : {
    "002B1BDB-819B-4E64-A87B-B75E2F5B3CC2" : [

    ],
    "1D572CEB-057A-41C3-B575-04C37501A3C0" : [

    ],
    "1DB15FB2-81FF-4247-810A-EBE12EF36BA3" : [

    ]
  },
  "sceneCameraHistory" : {
    "1D572CEB-057A-41C3-B575-04C37501A3C0" : [
      {
        "date" : 765532345.124037,
        "title" : "Untitled",
        "transform" : [
          0.91649336,
          -0.00029057608,
          -0.40004992,
          0,
          -0.17678721,
          0.8967637,
          -0.40566158,
          0,
          0.3588681,
          0.44250974,
          0.82182646,
          0,
          37.74605,
          0.27920318,
          177.13525,
          1
        ]
      },
      {
        "date" : 765532287.837808,
        "title" : "Untitled",
        "transform" : [
          -0.048319355,
          -0.0002905758,
          -0.9988319,
          0,
          -0.66340727,
          0.74757934,
          0.031875435,
          0,
          0.7466968,
          0.66417253,
          -0.036315355,
          0,
          2.7093565,
          2.685647,
          -0.21449399,
          1
        ]
      },
      {
        "date" : 765532274.105631,
        "title" : "Untitled",
        "transform" : [
          0.24656697,
          -0.00029057384,
          -0.96912575,
          0,
          -0.34231004,
          0.9355158,
          -0.0873717,
          0,
          0.90665793,
          0.35328448,
          0.23056783,
          0,
          2.5999146,
          1.6014681,
          0.6490036,
          1
        ]
      },
      {
        "date" : 765532268.749597,
        "title" : "Untitled",
        "transform" : [
          0.03378982,
          -0.0002905743,
          -0.9994289,
          0,
          -0.43682477,
          0.899421,
          -0.015030147,
          0,
          0.89891165,
          0.43708315,
          0.030264335,
          0,
          2.6465797,
          1.8479841,
          0.06964955,
          1
        ]
      },
      {
        "date" : 765532180.551722,
        "title" : "Untitled",
        "transform" : [
          0.091052935,
          -0.00029057433,
          -0.995846,
          0,
          -0.31751156,
          0.94780135,
          -0.029307492,
          0,
          0.9438727,
          0.31886113,
          0.08620782,
          0,
          2.7552896,
          1.5003129,
          0.23269874,
          1
        ]
      },
      {
        "date" : 765532004.241063,
        "title" : "Untitled",
        "transform" : [
          -0.92261237,
          -0.00029056967,
          -0.3857285,
          0,
          0.0043495493,
          0.99992824,
          -0.01115683,
          0,
          0.385704,
          -0.011971173,
          -0.9225449,
          0,
          0.24806865,
          0.73356944,
          -1.7424449,
          1
        ]
      },
      {
        "date" : 765531988.834983,
        "title" : "Untitled",
        "transform" : [
          0.89914006,
          -0.00029057628,
          -0.43766105,
          0,
          -0.12939805,
          0.9551171,
          -0.26647222,
          0,
          0.418095,
          0.2962283,
          0.85874635,
          0,
          0.9241031,
          1.1861165,
          0.8552114,
          1
        ]
      },
      {
        "date" : 765531982.965796,
        "title" : "Untitled",
        "transform" : [
          0.4142339,
          -0.00029056516,
          -0.91017044,
          0,
          -0.46062696,
          0.8624145,
          -0.20991442,
          0,
          0.7850051,
          0.5062027,
          0.3571074,
          0,
          1.172187,
          1.4536445,
          0.0022870153,
          1
        ]
      },
      {
        "date" : 765531974.084515,
        "title" : "Untitled",
        "transform" : [
          0.9949937,
          -0.00029056525,
          -0.099936314,
          0,
          -0.049628023,
          0.8665426,
          -0.49662974,
          0,
          0.08674343,
          0.49910316,
          0.86218995,
          0,
          0.49683428,
          1.4444811,
          0.96935344,
          1
        ]
      },
      {
        "date" : 765531970.890309,
        "title" : "Untitled",
        "transform" : [
          0.878467,
          -0.0002905678,
          -0.4778028,
          0,
          -0.009984111,
          0.9997704,
          -0.018964311,
          0,
          0.47769865,
          0.021430047,
          0.87826234,
          0,
          0.9838324,
          0.7979725,
          0.85445154,
          1
        ]
      }
    ]
  },
  "sceneViewportBackgroundColors" : {

  },
  "selectedSceneRelativePath" : "Immersive.usda"
}