{
  "advancedEditorSelectedIdentifier" : "ProjectBrowser",
  "openSceneRelativePaths" : [
    "Immersive.usda"
  ],
  "recentIdentifiers" : {
    "1D572CEB-057A-41C3-B575-04C37501A3C0" : [

    ],
    "1DB15FB2-81FF-4247-810A-EBE12EF36BA3" : [

    ]
  },
  "sceneCameraHistory" : {
    "1D572CEB-057A-41C3-B575-04C37501A3C0" : [
      {
        "date" : 764800330.567135,
        "title" : "Untitled",
        "transform" : [
          -0.8381159,
          1.4838985e-08,
          0.54549223,
          0,
          0.21368816,
          0.9200783,
          0.32831898,
          0,
          -0.5018954,
          0.39173457,
          -0.77113223,
          0,
          -4.1564937,
          3.467212,
          -5.970262,
          1
        ]
      },
      {
        "date" : 764800325.350234,
        "title" : "Untitled",
        "transform" : [
          -0.7578459,
          2.812004e-08,
          -0.6524335,
          0,
          -0.1779567,
          0.9620826,
          0.20670882,
          0,
          0.6276949,
          0.27275836,
          -0.7291103,
          0,
          -0.4983008,
          0.6091851,
          -0.17058809,
          1
        ]
      },
      {
        "date" : 764800293.486114,
        "title" : "Untitled",
        "transform" : [
          0.28944916,
          2.8916926e-08,
          -0.9571934,
          0,
          -0.123082556,
          0.99169827,
          -0.03721936,
          0,
          0.949247,
          0.12858693,
          0.28704622,
          0,
          -836.9886,
          67.9814,
          -95.798546,
          1
        ]
      },
      {
        "date" : 764799854.446679,
        "title" : "Untitled",
        "transform" : [
          0.7224475,
          2.9017205e-08,
          -0.69142574,
          0,
          -0.07901684,
          0.9934485,
          -0.08256201,
          0,
          0.6868959,
          0.11428101,
          0.71771437,
          0,
          -200.51445,
          18.139252,
          -4.0504227,
          1
        ]
      },
      {
        "date" : 764799582.968445,
        "title" : "Untitled",
        "transform" : [
          -0.98728335,
          2.4454609e-08,
          0.15897052,
          0,
          0.02504021,
          0.9875166,
          0.15551163,
          0,
          -0.15698603,
          0.15751472,
          -0.9749586,
          0,
          -0.80361646,
          0.8683231,
          -2.144658,
          1
        ]
      },
      {
        "date" : 764799568.659398,
        "title" : "Untitled",
        "transform" : [
          0.08285114,
          -1.870056e-09,
          -0.9965619,
          0,
          -0.3804435,
          0.9242631,
          -0.031628974,
          0,
          0.9210854,
          0.38175595,
          0.07657635,
          0,
          191.50467,
          44.098873,
          200.81909,
          1
        ]
      },
      {
        "date" : 764799537.483255,
        "title" : "Untitled",
        "transform" : [
          -0.98966175,
          -2.103044e-08,
          0.14342119,
          0,
          0.018103693,
          0.99200124,
          0.12492278,
          0,
          -0.14227398,
          0.12622774,
          -0.9817458,
          0,
          -64.27606,
          11.223857,
          -171.19904,
          1
        ]
      },
      {
        "date" : 764799521.267818,
        "title" : "Untitled",
        "transform" : [
          -0.98966175,
          -2.103044e-08,
          0.14342119,
          0,
          0.018103693,
          0.99200124,
          0.12492278,
          0,
          -0.14227398,
          0.12622774,
          -0.9817458,
          0,
          -66.21182,
          11.423569,
          -177.96921,
          1
        ]
      },
      {
        "date" : 764799504.890401,
        "title" : "Untitled",
        "transform" : [
          -0.9263454,
          -2.1127919e-08,
          0.3766751,
          0,
          0.37593016,
          0.06285873,
          0.9245135,
          0,
          -0.023677291,
          0.99802244,
          -0.058228917,
          0,
          -0.41306347,
          1.6563845,
          -0.062175095,
          1
        ]
      },
      {
        "date" : 764798522.067766,
        "title" : "Untitled",
        "transform" : [
          -0.85464406,
          -1.4865327e-08,
          0.5192143,
          0,
          0.47831768,
          0.38900945,
          0.787327,
          0,
          -0.20197925,
          0.9212338,
          -0.33246467,
          0,
          -0.69557285,
          1.4929802,
          -0.4530838,
          1
        ]
      }
    ]
  },
  "sceneViewportBackgroundColors" : {

  },
  "selectedSceneRelativePath" : "Immersive.usda"
}