{
  "advancedEditorSelectedIdentifier" : "BehaviorsPluginID",
  "openSceneRelativePaths" : [
    "Immersive.usda"
  ],
  "recentIdentifiers" : {
    "002B1BDB-819B-4E64-A87B-B75E2F5B3CC2" : [

    ],
    "1D572CEB-057A-41C3-B575-04C37501A3C0" : [

    ],
    "1DB15FB2-81FF-4247-810A-EBE12EF36BA3" : [

    ]
  },
  "sceneCameraHistory" : {
    "1D572CEB-057A-41C3-B575-04C37501A3C0" : [
      {
        "date" : 765843936.002961,
        "title" : "Untitled",
        "transform" : [
          0.0014262613,
          2.2002873e-11,
          0.999999,
          0,
          0.34108683,
          0.94003177,
          -0.0004864794,
          0,
          -0.94003075,
          0.34108716,
          0.0013407307,
          0,
          -0.7116528,
          1.4234568,
          0.64912355,
          1
        ]
      },
      {
        "date" : 765843925.718917,
        "title" : "Untitled",
        "transform" : [
          0.28906038,
          3.845932e-08,
          0.95731086,
          0,
          0.19507176,
          0.9790187,
          -0.05890203,
          0,
          -0.9372252,
          0.20377056,
          0.2829955,
          0,
          -0.9258418,
          0.6951987,
          0.051691923,
          1
        ]
      },
      {
        "date" : 765843900.655297,
        "title" : "Untitled",
        "transform" : [
          0.9707836,
          6.1234573e-09,
          -0.23995662,
          0,
          -0.053536534,
          0.9747935,
          -0.21659082,
          0,
          0.23390815,
          0.22310923,
          0.9463135,
          0,
          1.8204279,
          1.8225178,
          3.130413,
          1
        ]
      },
      {
        "date" : 765843888.334923,
        "title" : "Untitled",
        "transform" : [
          0.9954034,
          5.543716e-09,
          -0.09577068,
          0,
          -0.011877349,
          0.99227995,
          -0.1234485,
          0,
          0.09503131,
          0.12401856,
          0.9877188,
          0,
          0.9021387,
          1.0585779,
          4.3420563,
          1
        ]
      },
      {
        "date" : 765843875.522656,
        "title" : "Untitled",
        "transform" : [
          0.9954034,
          5.543716e-09,
          -0.09577068,
          0,
          -0.011877349,
          0.99227995,
          -0.1234485,
          0,
          0.09503131,
          0.12401856,
          0.9877188,
          0,
          0.9021387,
          1.0585779,
          4.3420563,
          1
        ]
      },
      {
        "date" : 765843847.788642,
        "title" : "Untitled",
        "transform" : [
          0.967151,
          5.563487e-09,
          -0.25420302,
          0,
          -0.04981221,
          0.98061305,
          -0.1895175,
          0,
          0.24927476,
          0.19595441,
          0.94840074,
          0,
          1.9171472,
          1.613252,
          3.061389,
          1
        ]
      },
      {
        "date" : 765843778.239028,
        "title" : "Untitled",
        "transform" : [
          0.94210374,
          5.3653566e-09,
          -0.33532175,
          0,
          -0.073802866,
          0.97547835,
          -0.20735295,
          0,
          0.32709906,
          0.22009566,
          0.9190017,
          0,
          2.3626957,
          1.7992976,
          2.3354023,
          1
        ]
      },
      {
        "date" : 765843236.163327,
        "title" : "Untitled",
        "transform" : [
          0.9985019,
          -0.00075276307,
          -0.05471239,
          0,
          -0.010201725,
          0.9798116,
          -0.19966242,
          0,
          0.053758133,
          0.19992146,
          0.97833604,
          0,
          5.4146957,
          1.0424573,
          2.4261036,
          1
        ]
      },
      {
        "date" : 765836183.274951,
        "title" : "Untitled",
        "transform" : [
          0.99850184,
          -0.0007527633,
          -0.05471239,
          0,
          -0.01020167,
          0.9798116,
          -0.19966242,
          0,
          0.053758293,
          0.1999216,
          0.97833604,
          0,
          8.45565,
          4.3550825,
          18.272192,
          1
        ]
      },
      {
        "date" : 765836120.264719,
        "title" : "Untitled",
        "transform" : [
          0.7837202,
          -0.0007527676,
          -0.6211135,
          0,
          -0.29603162,
          0.8786593,
          -0.3745973,
          0,
          0.54602915,
          0.47744885,
          0.68840015,
          0,
          7.419037,
          6.2518682,
          1.5091857,
          1
        ]
      }
    ],
    "69D5EC21-9986-4FB9-A305-F3E790A27330" : [
      {
        "date" : 765689937.096622,
        "title" : "Untitled",
        "transform" : [
          0.990055,
          2.980336e-09,
          -0.14068082,
          0,
          -0.022422474,
          0.9872164,
          -0.15780057,
          0,
          0.13888243,
          0.15938564,
          0.9773986,
          0,
          1.3248677,
          0.80705035,
          4.498005,
          1
        ]
      }
    ]
  },
  "sceneViewportBackgroundColors" : {

  },
  "selectedSceneRelativePath" : "Immersive.usda"
}