{
  "advancedEditorSelectedIdentifier" : "ProjectBrowser",
  "openSceneRelativePaths" : [
    "Immersive.usda"
  ],
  "recentIdentifiers" : {
    "002B1BDB-819B-4E64-A87B-B75E2F5B3CC2" : [

    ],
    "1D572CEB-057A-41C3-B575-04C37501A3C0" : [

    ],
    "1DB15FB2-81FF-4247-810A-EBE12EF36BA3" : [

    ]
  },
  "sceneCameraHistory" : {
    "1D572CEB-057A-41C3-B575-04C37501A3C0" : [
      {
        "date" : 766209872.465715,
        "title" : "Untitled",
        "transform" : [
          0.9965303,
          1.124765e-08,
          -0.08322965,
          0,
          -0.02284878,
          0.9615793,
          -0.27357486,
          0,
          0.0800318,
          0.27452755,
          0.95824295,
          0,
          2.570181,
          1.0476022,
          1.8936923,
          1
        ]
      },
      {
        "date" : 766209869.050557,
        "title" : "Untitled",
        "transform" : [
          0.99638915,
          1.1690009e-08,
          -0.08490287,
          0,
          -0.029163828,
          0.93915385,
          -0.34225655,
          0,
          0.07973673,
          0.343497,
          0.9357627,
          0,
          2.5724049,
          1.2620869,
          1.8610241,
          1
        ]
      },
      {
        "date" : 766209859.299979,
        "title" : "Untitled",
        "transform" : [
          0.97053695,
          1.1682147e-08,
          -0.24095215,
          0,
          -0.08793486,
          0.9310281,
          -0.3541951,
          0,
          0.22433306,
          0.36494768,
          0.90359706,
          0,
          2.9673147,
          1.3294193,
          1.4041064,
          1
        ]
      },
      {
        "date" : 766209851.435247,
        "title" : "Untitled",
        "transform" : [
          0.99936205,
          1.0839461e-08,
          -0.03571288,
          0,
          -0.016303545,
          0.88971394,
          -0.45622715,
          0,
          0.031774126,
          0.4565185,
          0.88914627,
          0,
          2.4602854,
          1.6041722,
          1.8643743,
          1
        ]
      },
      {
        "date" : 766208589.244656,
        "title" : "Untitled",
        "transform" : [
          0.95541614,
          1.0780857e-08,
          -0.29526255,
          0,
          -0.19169304,
          0.7605928,
          -0.6202841,
          0,
          0.22457443,
          0.6492293,
          0.7266826,
          0,
          3.1676476,
          2.2881272,
          1.4241372,
          1
        ]
      },
      {
        "date" : 766208580.33653,
        "title" : "Untitled",
        "transform" : [
          0.99548864,
          1.3085517e-08,
          0.09488034,
          0,
          0.09451368,
          0.087836914,
          -0.9916409,
          0,
          -0.008334076,
          0.9961349,
          0.08744055,
          0,
          2.2793386,
          3.7226138,
          -0.4910432,
          1
        ]
      },
      {
        "date" : 766208577.225054,
        "title" : "Untitled",
        "transform" : [
          0.99747324,
          1.2955995e-08,
          0.07104276,
          0,
          0.07099953,
          0.034899667,
          -0.99686563,
          0,
          -0.002479451,
          0.99939084,
          0.03481139,
          0,
          2.3035982,
          3.7455492,
          -0.6578023,
          1
        ]
      },
      {
        "date" : 766208575.129971,
        "title" : "Untitled",
        "transform" : [
          0.9920929,
          1.29559945e-08,
          0.12550545,
          0,
          0.12542905,
          0.034899607,
          -0.9914886,
          0,
          -0.004380168,
          0.99939084,
          0.034623552,
          0,
          2.2846756,
          3.7455492,
          -0.6509133,
          1
        ]
      },
      {
        "date" : 766208570.191783,
        "title" : "Untitled",
        "transform" : [
          0.9999958,
          1.29559945e-08,
          0.0028758403,
          0,
          0.0028741446,
          0.034899667,
          -0.9993867,
          0,
          -0.00010045443,
          0.99939084,
          0.034899432,
          0,
          2.3266115,
          3.7455492,
          -0.667822,
          1
        ]
      },
      {
        "date" : 766208560.963969,
        "title" : "Untitled",
        "transform" : [
          0.99994403,
          1.2659394e-08,
          0.010579063,
          0,
          0.0058951215,
          0.8303516,
          -0.55720866,
          0,
          -0.0087844245,
          0.5572399,
          0.8303051,
          0,
          2.297984,
          2.1475415,
          1.7969925,
          1
        ]
      }
    ],
    "69D5EC21-9986-4FB9-A305-F3E790A27330" : [
      {
        "date" : 765689937.096622,
        "title" : "Untitled",
        "transform" : [
          0.990055,
          2.980336e-09,
          -0.14068082,
          0,
          -0.022422474,
          0.9872164,
          -0.15780057,
          0,
          0.13888243,
          0.15938564,
          0.9773986,
          0,
          1.3248677,
          0.80705035,
          4.498005,
          1
        ]
      }
    ],
    "9E208371-958C-470E-BECE-8373E404B665" : [
      {
        "date" : 766190741.083793,
        "title" : "Untitled",
        "transform" : [
          -0.92084736,
          -0.00017442636,
          -0.38992321,
          0,
          -0.15581477,
          0.9168525,
          0.3675639,
          0,
          0.35743797,
          0.39922607,
          -0.84430844,
          0,
          0.06891025,
          0.9597459,
          -0.08947642,
          1
        ]
      },
      {
        "date" : 766190231.571115,
        "title" : "Untitled",
        "transform" : [
          -0.9102719,
          3.643546e-09,
          0.414011,
          0,
          0.08087866,
          0.9807328,
          0.17782515,
          0,
          -0.40603417,
          0.1953539,
          -0.8927335,
          0,
          -0.4658171,
          0.72332656,
          -0.1868654,
          1
        ]
      },
      {
        "date" : 766190208.970811,
        "title" : "Untitled",
        "transform" : [
          -0.28773665,
          0.00022231278,
          -0.95770955,
          0,
          -0.43992734,
          0.8882228,
          0.13237906,
          0,
          0.85068893,
          0.45941293,
          -0.25547647,
          0,
          2.0288885,
          1.5524276,
          -0.574574,
          1
        ]
      }
    ]
  },
  "sceneViewportBackgroundColors" : {

  },
  "selectedSceneRelativePath" : "Untitled Scene.usda"
}