{
  "advancedEditorSelectedIdentifier" : "BehaviorsPluginID",
  "openSceneRelativePaths" : [
    "Immersive.usda"
  ],
  "recentIdentifiers" : {
    "002B1BDB-819B-4E64-A87B-B75E2F5B3CC2" : [

    ],
    "1D572CEB-057A-41C3-B575-04C37501A3C0" : [

    ],
    "1DB15FB2-81FF-4247-810A-EBE12EF36BA3" : [

    ]
  },
  "sceneCameraHistory" : {
    "1D572CEB-057A-41C3-B575-04C37501A3C0" : [
      {
        "date" : 766937225.690692,
        "title" : "Untitled",
        "transform" : [
          0.8485325,
          7.7552184e-05,
          -0.5291434,
          0,
          -0.2570589,
          0.8741294,
          -0.41209045,
          0,
          0.46250784,
          0.48569298,
          0.74174714,
          0,
          0.4466424,
          0.9168905,
          -0.071513474,
          1
        ]
      },
      {
        "date" : 766937222.049574,
        "title" : "Untitled",
        "transform" : [
          0.65214264,
          7.754319e-05,
          -0.7580963,
          0,
          -0.5389471,
          0.70331866,
          -0.46355036,
          0,
          0.53314734,
          0.7108747,
          0.45870593,
          0,
          0.56800544,
          1.1238258,
          -0.265813,
          1
        ]
      },
      {
        "date" : 766937211.679326,
        "title" : "Untitled",
        "transform" : [
          0.3507147,
          7.7538534e-05,
          -0.9364823,
          0,
          -0.5787763,
          0.78617066,
          -0.21668789,
          0,
          0.73621815,
          0.6180093,
          0.27576652,
          0,
          1.3784167,
          1.4413254,
          -0.038130343,
          1
        ]
      },
      {
        "date" : 766937134.343053,
        "title" : "Untitled",
        "transform" : [
          0.8278477,
          7.754283e-05,
          -0.56095284,
          0,
          -0.39969906,
          0.70171714,
          -0.58977425,
          0,
          0.39358452,
          0.71245563,
          0.58094597,
          0,
          2.596762,
          1.603429,
          0.23581094,
          1
        ]
      },
      {
        "date" : 766936604.19835,
        "title" : "Untitled",
        "transform" : [
          0.94193083,
          -4.3028902e-07,
          0.33580706,
          0,
          0.16398352,
          0.87266153,
          -0.45996878,
          0,
          -0.29304576,
          0.48832557,
          0.8219868,
          0,
          1.3650564,
          2.5585537,
          0.6447985,
          1
        ]
      },
      {
        "date" : 766936589.073677,
        "title" : "Untitled",
        "transform" : [
          0.948734,
          -4.3355638e-07,
          0.3160757,
          0,
          0.10746814,
          0.94042313,
          -0.3225755,
          0,
          -0.29724485,
          0.3400064,
          0.8922115,
          0,
          1.3430555,
          1.7814437,
          1.0127363,
          1
        ]
      },
      {
        "date" : 766936582.429925,
        "title" : "Untitled",
        "transform" : [
          0.7684229,
          -4.336062e-07,
          0.6399424,
          0,
          0.17777164,
          0.960641,
          -0.21346202,
          0,
          -0.61475486,
          0.27779272,
          0.7381786,
          0,
          1.5576396,
          1.8287443,
          1.1339023,
          1
        ]
      },
      {
        "date" : 766936573.220429,
        "title" : "Untitled",
        "transform" : [
          0.9112922,
          -4.3287463e-07,
          0.41176003,
          0,
          0.12234239,
          0.95484024,
          -0.2707627,
          0,
          -0.39316493,
          0.29711965,
          0.8701385,
          0,
          3.0163934,
          1.9559761,
          2.002611,
          1
        ]
      },
      {
        "date" : 766936568.318337,
        "title" : "Untitled",
        "transform" : [
          0.6003421,
          -4.036461e-07,
          0.7997433,
          0,
          0.57614803,
          0.6935422,
          -0.4324958,
          0,
          -0.5546557,
          0.72041595,
          0.41636282,
          0,
          -0.612577,
          1.2619541,
          -0.5232951,
          1
        ]
      },
      {
        "date" : 766936565.05878,
        "title" : "Untitled",
        "transform" : [
          -0.007096662,
          -4.3654578e-07,
          0.9999747,
          0,
          0.79436207,
          0.60741836,
          0.0056377277,
          0,
          -0.6074029,
          0.79438204,
          -0.0043103173,
          0,
          -152.62021,
          137.7542,
          6.378885,
          1
        ]
      }
    ],
    "69D5EC21-9986-4FB9-A305-F3E790A27330" : [
      {
        "date" : 765689937.096622,
        "title" : "Untitled",
        "transform" : [
          0.990055,
          2.980336e-09,
          -0.14068082,
          0,
          -0.022422474,
          0.9872164,
          -0.15780057,
          0,
          0.13888243,
          0.15938564,
          0.9773986,
          0,
          1.3248677,
          0.80705035,
          4.498005,
          1
        ]
      }
    ],
    "9E208371-958C-470E-BECE-8373E404B665" : [
      {
        "date" : 766190741.083793,
        "title" : "Untitled",
        "transform" : [
          -0.92084736,
          -0.00017442636,
          -0.38992321,
          0,
          -0.15581477,
          0.9168525,
          0.3675639,
          0,
          0.35743797,
          0.39922607,
          -0.84430844,
          0,
          0.06891025,
          0.9597459,
          -0.08947642,
          1
        ]
      },
      {
        "date" : 766190231.571115,
        "title" : "Untitled",
        "transform" : [
          -0.9102719,
          3.643546e-09,
          0.414011,
          0,
          0.08087866,
          0.9807328,
          0.17782515,
          0,
          -0.40603417,
          0.1953539,
          -0.8927335,
          0,
          -0.4658171,
          0.72332656,
          -0.1868654,
          1
        ]
      },
      {
        "date" : 766190208.970811,
        "title" : "Untitled",
        "transform" : [
          -0.28773665,
          0.00022231278,
          -0.95770955,
          0,
          -0.43992734,
          0.8882228,
          0.13237906,
          0,
          0.85068893,
          0.45941293,
          -0.25547647,
          0,
          2.0288885,
          1.5524276,
          -0.574574,
          1
        ]
      }
    ]
  },
  "sceneViewportBackgroundColors" : {

  },
  "selectedSceneRelativePath" : "Untitled Scene.usda"
}