{
  "advancedEditorSelectedIdentifier" : "ShaderGraphEditorPluginID",
  "openSceneRelativePaths" : [
    "Immersive.usda"
  ],
  "recentIdentifiers" : {
    "002B1BDB-819B-4E64-A87B-B75E2F5B3CC2" : [

    ],
    "1D572CEB-057A-41C3-B575-04C37501A3C0" : [

    ],
    "1DB15FB2-81FF-4247-810A-EBE12EF36BA3" : [

    ]
  },
  "sceneCameraHistory" : {
    "1D572CEB-057A-41C3-B575-04C37501A3C0" : [
      {
        "date" : 766842980.723991,
        "title" : "Untitled",
        "transform" : [
          0.34509125,
          1.1633459e-07,
          -0.9385691,
          0,
          -0.85728383,
          0.40707597,
          -0.31520432,
          0,
          0.38206884,
          0.9133944,
          0.14047827,
          0,
          0.98133934,
          1.9402025,
          -0.22853948,
          1
        ]
      },
      {
        "date" : 766362017.693139,
        "title" : "Untitled",
        "transform" : [
          -0.64160156,
          1.2511713e-07,
          -0.76703805,
          0,
          -0.31663457,
          0.910821,
          0.2648544,
          0,
          0.6986342,
          0.41280183,
          -0.5843842,
          0,
          0.87128824,
          1.1416179,
          -1.2779721,
          1
        ]
      },
      {
        "date" : 766361624.910372,
        "title" : "Untitled",
        "transform" : [
          -0.9964837,
          1.3182444e-07,
          0.08378697,
          0,
          0.04596333,
          0.83610356,
          0.54664284,
          0,
          -0.07005462,
          0.54857177,
          -0.8331633,
          0,
          -0.47032684,
          1.3491049,
          -1.2580552,
          1
        ]
      },
      {
        "date" : 766361612.881347,
        "title" : "Untitled",
        "transform" : [
          -0.92958856,
          1.3263134e-07,
          -0.3685991,
          0,
          -0.16602485,
          0.89281607,
          0.4187068,
          0,
          0.32909107,
          0.45042163,
          -0.8299514,
          0,
          0.17166233,
          1.1987127,
          -1.458659,
          1
        ]
      },
      {
        "date" : 766361369.391486,
        "title" : "Untitled",
        "transform" : [
          -0.99300903,
          1.3164808e-07,
          -0.118038945,
          0,
          -0.06668343,
          0.8251398,
          0.56097925,
          0,
          0.09739857,
          0.5649287,
          -0.8193711,
          0,
          -0.20968612,
          1.3743905,
          -1.3401663,
          1
        ]
      },
      {
        "date" : 766361364.815307,
        "title" : "Untitled",
        "transform" : [
          -0.97551006,
          1.3135656e-07,
          0.21995507,
          0,
          0.145085,
          0.7516069,
          0.6434575,
          0,
          -0.16531973,
          0.6596114,
          -0.7331999,
          0,
          -0.612392,
          1.5222378,
          -1.0601721,
          1
        ]
      },
      {
        "date" : 766361360.039482,
        "title" : "Untitled",
        "transform" : [
          -0.99877083,
          1.3020076e-07,
          -0.04956608,
          0,
          -0.02867961,
          0.8156002,
          0.5779047,
          0,
          0.0404261,
          0.5786159,
          -0.8145976,
          0,
          -0.29977658,
          1.3951011,
          -1.3077352,
          1
        ]
      },
      {
        "date" : 766359782.913555,
        "title" : "Untitled",
        "transform" : [
          -0.753466,
          1.3017016e-07,
          0.65748686,
          0,
          0.36717921,
          0.8295325,
          0.42077944,
          0,
          -0.54540664,
          0.5584585,
          -0.6250245,
          0,
          -1.1365967,
          1.3635254,
          -0.77770996,
          1
        ]
      },
      {
        "date" : 766359765.378514,
        "title" : "Untitled",
        "transform" : [
          -0.75346595,
          9.72549e-08,
          0.65748686,
          0,
          0.36717927,
          0.8295324,
          0.42077947,
          0,
          -0.54540664,
          0.55845857,
          -0.62502444,
          0,
          -2295.7473,
          2062.6836,
          -2376.6072,
          1
        ]
      },
      {
        "date" : 766359714.03533,
        "title" : "Untitled",
        "transform" : [
          -0.7534659,
          5.2011313e-08,
          0.6574869,
          0,
          0.36717927,
          0.8295324,
          0.42077962,
          0,
          -0.5454066,
          0.5584586,
          -0.6250245,
          0,
          -1.5574899,
          1.8343211,
          -1.2484684,
          1
        ]
      }
    ],
    "69D5EC21-9986-4FB9-A305-F3E790A27330" : [
      {
        "date" : 765689937.096622,
        "title" : "Untitled",
        "transform" : [
          0.990055,
          2.980336e-09,
          -0.14068082,
          0,
          -0.022422474,
          0.9872164,
          -0.15780057,
          0,
          0.13888243,
          0.15938564,
          0.9773986,
          0,
          1.3248677,
          0.80705035,
          4.498005,
          1
        ]
      }
    ],
    "9E208371-958C-470E-BECE-8373E404B665" : [
      {
        "date" : 766190741.083793,
        "title" : "Untitled",
        "transform" : [
          -0.92084736,
          -0.00017442636,
          -0.38992321,
          0,
          -0.15581477,
          0.9168525,
          0.3675639,
          0,
          0.35743797,
          0.39922607,
          -0.84430844,
          0,
          0.06891025,
          0.9597459,
          -0.08947642,
          1
        ]
      },
      {
        "date" : 766190231.571115,
        "title" : "Untitled",
        "transform" : [
          -0.9102719,
          3.643546e-09,
          0.414011,
          0,
          0.08087866,
          0.9807328,
          0.17782515,
          0,
          -0.40603417,
          0.1953539,
          -0.8927335,
          0,
          -0.4658171,
          0.72332656,
          -0.1868654,
          1
        ]
      },
      {
        "date" : 766190208.970811,
        "title" : "Untitled",
        "transform" : [
          -0.28773665,
          0.00022231278,
          -0.95770955,
          0,
          -0.43992734,
          0.8882228,
          0.13237906,
          0,
          0.85068893,
          0.45941293,
          -0.25547647,
          0,
          2.0288885,
          1.5524276,
          -0.574574,
          1
        ]
      }
    ]
  },
  "sceneViewportBackgroundColors" : {

  },
  "selectedSceneRelativePath" : "Untitled Scene.usda"
}