{
  "advancedEditorSelectedIdentifier" : "BehaviorsPluginID",
  "openSceneRelativePaths" : [
    "Immersive.usda",
    "EsmeTestingScene.usda"
  ],
  "recentIdentifiers" : {
    "1D572CEB-057A-41C3-B575-04C37501A3C0" : [

    ],
    "1DB15FB2-81FF-4247-810A-EBE12EF36BA3" : [

    ]
  },
  "sceneCameraHistory" : {
    "1D572CEB-057A-41C3-B575-04C37501A3C0" : [
      {
        "date" : 763508006.9891,
        "title" : "Untitled",
        "transform" : [
          -0.5494113,
          0.03851667,
          -0.8346638,
          0,
          -0.4138436,
          0.85525805,
          0.31187665,
          0,
          0.72586536,
          0.5167689,
          -0.4539485,
          0,
          -1.5869079,
          0.8926273,
          -0.14000861,
          1
        ]
      },
      {
        "date" : 763507998.277956,
        "title" : "Untitled",
        "transform" : [
          -0.97238564,
          0.038516667,
          -0.2301792,
          0,
          -0.023131335,
          0.96552444,
          0.25928265,
          0,
          0.23223032,
          0.25744715,
          -0.9379712,
          0,
          -1.937133,
          0.7256109,
          -0.25000793,
          1
        ]
      },
      {
        "date" : 763507978.445564,
        "title" : "Untitled",
        "transform" : [
          0.78626543,
          0.03851668,
          0.6166871,
          0,
          0.37867123,
          0.7586276,
          -0.5301813,
          0,
          -0.48825672,
          0.6503851,
          0.5818975,
          0,
          -2.2931974,
          0.8630641,
          0.23156019,
          1
        ]
      },
      {
        "date" : 763507975.717361,
        "title" : "Untitled",
        "transform" : [
          0.99676114,
          0.038516685,
          -0.0705966,
          0,
          -0.08029425,
          0.5257698,
          -0.8468287,
          0,
          0.0045005144,
          0.84975445,
          0.5271595,
          0,
          -2.1218638,
          0.9400245,
          0.27207538,
          1
        ]
      },
      {
        "date" : 763507972.045929,
        "title" : "Untitled",
        "transform" : [
          0.24587098,
          0.03851669,
          -0.96853703,
          0,
          -0.6974376,
          0.70094764,
          -0.14917491,
          0,
          0.673148,
          0.712172,
          0.19920567,
          0,
          -1.8291235,
          0.8860973,
          0.18018873,
          1
        ]
      },
      {
        "date" : 763507966.55192,
        "title" : "Untitled",
        "transform" : [
          -0.56817263,
          0.038516693,
          -0.82200754,
          0,
          -0.75656545,
          0.36849248,
          0.5402055,
          0,
          0.3237105,
          0.9288325,
          -0.18022694,
          0,
          -1.8900675,
          0.9742148,
          0.011258908,
          1
        ]
      },
      {
        "date" : 763507959.932648,
        "title" : "Untitled",
        "transform" : [
          0.11759163,
          -1.1005829e-08,
          -0.99306196,
          0,
          -0.52206415,
          0.8506629,
          -0.06181942,
          0,
          0.84476125,
          0.52571124,
          0.100030884,
          0,
          -1.1509018,
          1.059911,
          0.40015686,
          1
        ]
      },
      {
        "date" : 763507934.860994,
        "title" : "Untitled",
        "transform" : [
          0.302616,
          -4.9886824e-09,
          -0.95311254,
          0,
          -0.4690408,
          0.8705303,
          -0.14892189,
          0,
          0.8297136,
          0.49211457,
          0.26343647,
          0,
          -1.2391726,
          1.0213679,
          0.57228965,
          1
        ]
      },
      {
        "date" : 763507926.145153,
        "title" : "Untitled",
        "transform" : [
          0.35201773,
          -4.5086685e-09,
          -0.93599343,
          0,
          -0.4772778,
          0.8602243,
          -0.17949946,
          0,
          0.8051644,
          0.50991553,
          0.30281428,
          0,
          -1.2901235,
          1.0583131,
          0.654017,
          1
        ]
      },
      {
        "date" : 763507923.132563,
        "title" : "Untitled",
        "transform" : [
          0.99238414,
          -9.678225e-09,
          -0.12318227,
          0,
          -0.02404099,
          0.9807702,
          -0.19368033,
          0,
          0.12081345,
          0.1951664,
          0.97330076,
          0,
          -2.3286881,
          0.70868415,
          1.0454654,
          1
        ]
      }
    ]
  },
  "sceneViewportBackgroundColors" : {

  },
  "selectedSceneRelativePath" : "Immersive.usda"
}