{
  "advancedEditorSelectedIdentifier" : "BehaviorsPluginID",
  "openSceneRelativePaths" : [
    "Immersive.usda"
  ],
  "recentIdentifiers" : {
    "1D572CEB-057A-41C3-B575-04C37501A3C0" : [

    ],
    "1DB15FB2-81FF-4247-810A-EBE12EF36BA3" : [

    ]
  },
  "sceneCameraHistory" : {
    "1D572CEB-057A-41C3-B575-04C37501A3C0" : [
      {
        "date" : 765505020.28491,
        "title" : "Untitled",
        "transform" : [
          -0.8426541,
          1.18403705e-08,
          -0.53845525,
          0,
          -0.27740145,
          0.857082,
          0.43411866,
          0,
          0.46150035,
          0.5151801,
          -0.72222364,
          0,
          -0.8767699,
          0.6837411,
          -1.4953189,
          1
        ]
      },
      {
        "date" : 765505017.93814,
        "title" : "Untitled",
        "transform" : [
          -0.8426541,
          1.18403705e-08,
          -0.53845525,
          0,
          -0.27740145,
          0.857082,
          0.43411866,
          0,
          0.46150035,
          0.5151801,
          -0.72222364,
          0,
          -0.12814578,
          1.5194418,
          -2.6668777,
          1
        ]
      },
      {
        "date" : 765505015.5382,
        "title" : "Untitled",
        "transform" : [
          -0.9680165,
          -3.0131367e-10,
          -0.2508865,
          0,
          0.006393173,
          0.99967533,
          -0.024667317,
          0,
          0.25080505,
          -0.02548233,
          -0.9677022,
          0,
          -0.12849385,
          -0.8711847,
          -5.3034167,
          1
        ]
      },
      {
        "date" : 765503790.978688,
        "title" : "Untitled",
        "transform" : [
          0.33904698,
          5.200123e-09,
          0.94076943,
          0,
          -0.027154041,
          0.99958336,
          0.009786129,
          0,
          -0.9403775,
          -0.02886365,
          0.3389057,
          0,
          -12.976727,
          0.4077591,
          -5.729747,
          1
        ]
      },
      {
        "date" : 765503604.3536,
        "title" : "Untitled",
        "transform" : [
          0.33904698,
          5.200123e-09,
          0.94076943,
          0,
          -0.027154041,
          0.99958336,
          0.009786129,
          0,
          -0.9403775,
          -0.02886365,
          0.3389057,
          0,
          -4.81553,
          0.13056093,
          -6.90975,
          1
        ]
      },
      {
        "date" : 765502374.498383,
        "title" : "Untitled",
        "transform" : [
          0.33904713,
          6.0339604e-09,
          0.94076943,
          0,
          -0.027154032,
          0.99958336,
          0.00978615,
          0,
          -0.9403774,
          -0.028863689,
          0.33890593,
          0,
          -6.732214,
          1.126736,
          -6.3145504,
          1
        ]
      },
      {
        "date" : 765501737.863909,
        "title" : "Untitled",
        "transform" : [
          0.51591045,
          5.8678626e-09,
          0.8566425,
          0,
          -0.045414884,
          0.9985938,
          0.027350998,
          0,
          -0.8554379,
          -0.05301503,
          0.515185,
          0,
          -6.4192667,
          0.9859884,
          -5.2006445,
          1
        ]
      },
      {
        "date" : 765501720.508847,
        "title" : "Untitled",
        "transform" : [
          0.9771681,
          7.42887e-09,
          -0.21246764,
          0,
          -0.008630995,
          0.9991746,
          -0.03969521,
          0,
          0.21229227,
          0.040622663,
          0.9763616,
          0,
          -0.6072719,
          1.5274708,
          -1.6937752,
          1
        ]
      },
      {
        "date" : 765501648.020329,
        "title" : "Untitled",
        "transform" : [
          0.39652944,
          5.824938e-09,
          -0.918022,
          0,
          0.111810625,
          0.99255526,
          0.04829535,
          0,
          0.9111876,
          -0.12179519,
          0.39357743,
          0,
          4.0898323,
          0.580989,
          -4.331278,
          1
        ]
      },
      {
        "date" : 765501643.201069,
        "title" : "Untitled",
        "transform" : [
          0.963822,
          2.3362483e-09,
          -0.26654664,
          0,
          -0.07683794,
          0.95754856,
          -0.2778429,
          0,
          0.25523135,
          0.28827196,
          0.9229064,
          0,
          -0.43595248,
          2.9037125,
          -2.2635503,
          1
        ]
      }
    ]
  },
  "sceneViewportBackgroundColors" : {

  },
  "selectedSceneRelativePath" : "Immersive.usda"
}