{
  "advancedEditorSelectedIdentifier" : "BehaviorsPluginID",
  "openSceneRelativePaths" : [
    "Immersive.usda"
  ],
  "recentIdentifiers" : {
    "002B1BDB-819B-4E64-A87B-B75E2F5B3CC2" : [

    ],
    "1D572CEB-057A-41C3-B575-04C37501A3C0" : [

    ],
    "1DB15FB2-81FF-4247-810A-EBE12EF36BA3" : [

    ]
  },
  "sceneCameraHistory" : {
    "1D572CEB-057A-41C3-B575-04C37501A3C0" : [
      {
        "date" : 765757489.220649,
        "title" : "Untitled",
        "transform" : [
          0.99015784,
          2.3693374e-05,
          -0.13995504,
          0,
          -0.037713587,
          0.96305424,
          -0.26665398,
          0,
          0.13477792,
          0.2693079,
          0.9535766,
          0,
          0.13385367,
          0.87586904,
          0.52645445,
          1
        ]
      },
      {
        "date" : 765757254.783737,
        "title" : "Untitled",
        "transform" : [
          0.92312825,
          2.3695457e-05,
          -0.3844922,
          0,
          -0.031363785,
          0.99667215,
          -0.07523993,
          0,
          0.38321084,
          0.08151539,
          0.920057,
          0,
          0.31277165,
          0.7420095,
          0.5092509,
          1
        ]
      },
      {
        "date" : 765757239.892356,
        "title" : "Untitled",
        "transform" : [
          0.65979594,
          2.3696059e-05,
          -0.751445,
          0,
          -0.14358622,
          0.98157847,
          -0.12604295,
          0,
          0.73759913,
          0.1910599,
          0.6476449,
          0,
          0.5542284,
          0.8204272,
          0.29719788,
          1
        ]
      },
      {
        "date" : 765756970.264578,
        "title" : "Untitled",
        "transform" : [
          0.9988644,
          2.3696706e-05,
          -0.04764394,
          0,
          -0.0059087,
          0.9923415,
          -0.123383366,
          0,
          0.04727602,
          0.12352493,
          0.99121475,
          0,
          0.07292397,
          0.77218986,
          0.56701297,
          1
        ]
      },
      {
        "date" : 765756947.763935,
        "title" : "Untitled",
        "transform" : [
          0.9999711,
          2.3696006e-05,
          0.007603387,
          0,
          0.0017687761,
          0.9718358,
          -0.23565273,
          0,
          -0.007394939,
          0.23565957,
          0.97180766,
          0,
          0.037211206,
          0.81653064,
          0.42979383,
          1
        ]
      },
      {
        "date" : 765756923.239941,
        "title" : "Untitled",
        "transform" : [
          0.3281548,
          2.3696106e-05,
          0.944624,
          0,
          0.09172512,
          0.99527365,
          -0.031889543,
          0,
          -0.9401601,
          0.09711065,
          0.32660154,
          0,
          -0.46060523,
          0.7416915,
          0.07286678,
          1
        ]
      },
      {
        "date" : 765756532.565333,
        "title" : "Untitled",
        "transform" : [
          0.9934772,
          2.3696768e-05,
          -0.11403112,
          0,
          -0.045971602,
          0.9152173,
          -0.40032983,
          0,
          0.10435367,
          0.4029609,
          0.9092485,
          0,
          0.098667696,
          0.90794146,
          0.40308285,
          1
        ]
      },
      {
        "date" : 765756527.184024,
        "title" : "Untitled",
        "transform" : [
          0.936538,
          2.370143e-05,
          -0.35056582,
          0,
          -0.04573268,
          0.99146265,
          -0.12210804,
          0,
          0.3475699,
          0.13039133,
          0.9285435,
          0,
          0.22882329,
          0.7596017,
          0.4044059,
          1
        ]
      },
      {
        "date" : 765756421.96491,
        "title" : "Untitled",
        "transform" : [
          0.13801208,
          2.3709008e-05,
          -0.99043053,
          0,
          -0.45382822,
          0.88884395,
          -0.06321768,
          0,
          0.8803366,
          0.4582102,
          0.12268202,
          0,
          0.53249395,
          0.93841094,
          -0.02467731,
          1
        ]
      },
      {
        "date" : 765756216.273644,
        "title" : "Untitled",
        "transform" : [
          0.39927915,
          2.3708457e-05,
          -0.9168294,
          0,
          -0.39397806,
          0.9029677,
          -0.17155409,
          0,
          0.8278631,
          0.42970872,
          0.36054555,
          0,
          1.2865503,
          1.2619895,
          0.45800966,
          1
        ]
      }
    ],
    "69D5EC21-9986-4FB9-A305-F3E790A27330" : [
      {
        "date" : 765689937.096622,
        "title" : "Untitled",
        "transform" : [
          0.990055,
          2.980336e-09,
          -0.14068082,
          0,
          -0.022422474,
          0.9872164,
          -0.15780057,
          0,
          0.13888243,
          0.15938564,
          0.9773986,
          0,
          1.3248677,
          0.80705035,
          4.498005,
          1
        ]
      }
    ]
  },
  "sceneViewportBackgroundColors" : {

  },
  "selectedSceneRelativePath" : "Immersive.usda"
}