{
  "advancedEditorSelectedIdentifier" : "BehaviorsPluginID",
  "openSceneRelativePaths" : [
    "Immersive.usda"
  ],
  "recentIdentifiers" : {
    "002B1BDB-819B-4E64-A87B-B75E2F5B3CC2" : [

    ],
    "1D572CEB-057A-41C3-B575-04C37501A3C0" : [

    ],
    "1DB15FB2-81FF-4247-810A-EBE12EF36BA3" : [

    ]
  },
  "sceneCameraHistory" : {
    "1D572CEB-057A-41C3-B575-04C37501A3C0" : [
      {
        "date" : 765835475.750384,
        "title" : "Untitled",
        "transform" : [
          0.9957886,
          -0.00075278047,
          0.091677,
          0,
          0.069455594,
          0.658907,
          -0.749011,
          0,
          -0.059842788,
          0.7522241,
          0.65618426,
          0,
          17.302992,
          45.381123,
          10.213453,
          1
        ]
      },
      {
        "date" : 765835449.400714,
        "title" : "Untitled",
        "transform" : [
          0.99967825,
          -0.00075278035,
          -0.025351858,
          0,
          -0.018781586,
          0.6497775,
          -0.75989234,
          0,
          0.017045097,
          0.7601241,
          0.64955425,
          0,
          12.203821,
          48.047783,
          7.848544,
          1
        ]
      },
      {
        "date" : 765835448.400077,
        "title" : "Untitled",
        "transform" : [
          0.99967825,
          -0.00075278035,
          -0.025351858,
          0,
          -0.018781586,
          0.6497775,
          -0.75989234,
          0,
          0.017045097,
          0.7601241,
          0.64955425,
          0,
          12.095614,
          43.22247,
          3.7251577,
          1
        ]
      },
      {
        "date" : 765835434.832031,
        "title" : "Untitled",
        "transform" : [
          0.99967825,
          -0.00075277954,
          -0.025351856,
          0,
          -0.018781524,
          0.6497775,
          -0.7598925,
          0,
          0.017045083,
          0.76012415,
          0.6495544,
          0,
          17.995583,
          88.637825,
          29.577255,
          1
        ]
      },
      {
        "date" : 765835111.297988,
        "title" : "Untitled",
        "transform" : [
          0.8303957,
          -0.0007527805,
          -0.55717367,
          0,
          -0.41219103,
          0.6720089,
          -0.6152257,
          0,
          0.37488872,
          0.7405427,
          0.5577229,
          0,
          16.813505,
          45.375816,
          9.051524,
          1
        ]
      },
      {
        "date" : 765835092.117239,
        "title" : "Untitled",
        "transform" : [
          0.6921677,
          -0.00075278047,
          -0.7217363,
          0,
          -0.54207385,
          0.6596815,
          -0.5205538,
          0,
          0.4765079,
          0.7515449,
          0.45620215,
          0,
          17.845842,
          45.64959,
          4.743929,
          1
        ]
      },
      {
        "date" : 765835084.616756,
        "title" : "Untitled",
        "transform" : [
          0.8800862,
          -0.0007527758,
          -0.4748133,
          0,
          -0.38087013,
          0.5960078,
          -0.7069035,
          0,
          0.2835246,
          0.8029782,
          0.5242515,
          0,
          79.44339,
          196.1576,
          86.06999,
          1
        ]
      },
      {
        "date" : 765835083.100298,
        "title" : "Untitled",
        "transform" : [
          0.88008624,
          -0.00075279607,
          -0.47481337,
          0,
          -0.38087013,
          0.5960078,
          -0.7069036,
          0,
          0.2835246,
          0.8029783,
          0.52425146,
          0,
          2.3139439,
          28.818352,
          -12.478406,
          1
        ]
      },
      {
        "date" : 765835076.913821,
        "title" : "Untitled",
        "transform" : [
          0.86795175,
          -0.0007527983,
          -0.49664798,
          0,
          -0.37417135,
          0.65657914,
          -0.65490437,
          0,
          0.3265817,
          0.75425684,
          0.56959724,
          0,
          11.215252,
          44.05771,
          1.9784808,
          1
        ]
      },
      {
        "date" : 765835073.155121,
        "title" : "Untitled",
        "transform" : [
          0.86795175,
          -0.0007527983,
          -0.49664798,
          0,
          -0.37417135,
          0.65657914,
          -0.65490437,
          0,
          0.3265817,
          0.75425684,
          0.56959724,
          0,
          14.598578,
          51.871193,
          7.8792605,
          1
        ]
      }
    ],
    "69D5EC21-9986-4FB9-A305-F3E790A27330" : [
      {
        "date" : 765689937.096622,
        "title" : "Untitled",
        "transform" : [
          0.990055,
          2.980336e-09,
          -0.14068082,
          0,
          -0.022422474,
          0.9872164,
          -0.15780057,
          0,
          0.13888243,
          0.15938564,
          0.9773986,
          0,
          1.3248677,
          0.80705035,
          4.498005,
          1
        ]
      }
    ]
  },
  "sceneViewportBackgroundColors" : {

  },
  "selectedSceneRelativePath" : "Immersive.usda"
}