{
  "advancedEditorSelectedIdentifier" : "BehaviorsPluginID",
  "openSceneRelativePaths" : [
    "Immersive.usda"
  ],
  "recentIdentifiers" : {
    "002B1BDB-819B-4E64-A87B-B75E2F5B3CC2" : [

    ],
    "1D572CEB-057A-41C3-B575-04C37501A3C0" : [

    ],
    "1DB15FB2-81FF-4247-810A-EBE12EF36BA3" : [

    ]
  },
  "sceneCameraHistory" : {
    "1D572CEB-057A-41C3-B575-04C37501A3C0" : [
      {
        "date" : 765937467.658261,
        "title" : "Untitled",
        "transform" : [
          0.938094,
          -3.5975344e-08,
          -0.34638074,
          0,
          -0.179648,
          0.8549908,
          -0.48653615,
          0,
          0.29615232,
          0.51864326,
          0.80206174,
          0,
          1.2406616,
          0.6301956,
          -0.38412666,
          1
        ]
      },
      {
        "date" : 765937466.234463,
        "title" : "Untitled",
        "transform" : [
          0.938094,
          -4.0072948e-08,
          -0.3463807,
          0,
          -0.179648,
          0.8549907,
          -0.48653618,
          0,
          0.29615232,
          0.5186432,
          0.80206174,
          0,
          -44.107296,
          -61.08959,
          28.604523,
          1
        ]
      },
      {
        "date" : 765937454.059264,
        "title" : "Untitled",
        "transform" : [
          0.9941527,
          -4.7269246e-08,
          -0.107982814,
          0,
          -0.025786398,
          0.97106844,
          -0.23740508,
          0,
          0.104858704,
          0.23880136,
          0.9653904,
          0,
          1.3024784,
          1.4466298,
          3.423543,
          1
        ]
      },
      {
        "date" : 765937447.359315,
        "title" : "Untitled",
        "transform" : [
          0.9898023,
          -4.717626e-08,
          0.14244765,
          0,
          0.1423609,
          0.03489956,
          -0.98919934,
          0,
          -0.0049713324,
          0.99939084,
          0.034543697,
          0,
          0.8132077,
          4.90022,
          -1.3460748,
          1
        ]
      },
      {
        "date" : 765937432.634196,
        "title" : "Untitled",
        "transform" : [
          0.9996561,
          -4.566511e-08,
          0.02622894,
          0,
          0.02594902,
          0.14571238,
          -0.98898673,
          0,
          -0.0038218445,
          0.98932713,
          0.14566222,
          0,
          0.8386291,
          4.8290358,
          -0.7640434,
          1
        ]
      },
      {
        "date" : 765937419.439066,
        "title" : "Untitled",
        "transform" : [
          0.8647925,
          -3.3288124e-08,
          0.5021294,
          0,
          0.3021759,
          0.79865503,
          -0.5204229,
          0,
          -0.4010282,
          0.60178906,
          0.690671,
          0,
          1.5885202,
          3.9185483,
          2.4894197,
          1
        ]
      },
      {
        "date" : 765937399.08405,
        "title" : "Untitled",
        "transform" : [
          0.7500804,
          -3.5780626e-08,
          0.6613467,
          0,
          0.14880835,
          0.9743569,
          -0.1687744,
          0,
          -0.6443877,
          0.22500809,
          0.73084605,
          0,
          0.1723814,
          2.7961173,
          3.5684266,
          1
        ]
      },
      {
        "date" : 765937383.686305,
        "title" : "Untitled",
        "transform" : [
          -0.0066053774,
          -4.5366727e-10,
          0.9999782,
          0,
          0.9436492,
          0.33088884,
          0.0062331166,
          0,
          -0.33088177,
          0.9436697,
          -0.002185693,
          0,
          3.0858634,
          7.0494304,
          -1.2434251,
          1
        ]
      },
      {
        "date" : 765937373.437475,
        "title" : "Untitled",
        "transform" : [
          0.7984178,
          -2.2074609e-10,
          0.60210377,
          0,
          0.34426212,
          0.8204169,
          -0.456508,
          0,
          -0.49397624,
          0.57176554,
          0.65503556,
          0,
          1.696121,
          4.4143825,
          1.6786625,
          1
        ]
      },
      {
        "date" : 765937367.743099,
        "title" : "Untitled",
        "transform" : [
          0.22955592,
          -1.8252074e-08,
          -0.97329545,
          0,
          -0.80962086,
          0.55502385,
          -0.19095232,
          0,
          0.54020226,
          0.8318343,
          0.12740903,
          0,
          6.1469884,
          5.532846,
          -0.5815218,
          1
        ]
      }
    ],
    "69D5EC21-9986-4FB9-A305-F3E790A27330" : [
      {
        "date" : 765689937.096622,
        "title" : "Untitled",
        "transform" : [
          0.990055,
          2.980336e-09,
          -0.14068082,
          0,
          -0.022422474,
          0.9872164,
          -0.15780057,
          0,
          0.13888243,
          0.15938564,
          0.9773986,
          0,
          1.3248677,
          0.80705035,
          4.498005,
          1
        ]
      }
    ]
  },
  "sceneViewportBackgroundColors" : {

  },
  "selectedSceneRelativePath" : "Immersive.usda"
}