{
  "advancedEditorSelectedIdentifier" : "BehaviorsPluginID",
  "openSceneRelativePaths" : [
    "Immersive.usda"
  ],
  "recentIdentifiers" : {
    "002B1BDB-819B-4E64-A87B-B75E2F5B3CC2" : [

    ],
    "1D572CEB-057A-41C3-B575-04C37501A3C0" : [

    ],
    "1DB15FB2-81FF-4247-810A-EBE12EF36BA3" : [

    ]
  },
  "sceneCameraHistory" : {
    "1D572CEB-057A-41C3-B575-04C37501A3C0" : [
      {
        "date" : 766941071.472962,
        "title" : "Untitled",
        "transform" : [
          -0.0844479,
          -9.477607e-05,
          0.9964279,
          0,
          0.68464816,
          0.726555,
          0.058093473,
          0,
          -0.72396517,
          0.68710834,
          -0.06129116,
          0,
          -139.82532,
          83.03785,
          -91.99292,
          1
        ]
      },
      {
        "date" : 766937932.592588,
        "title" : "Untitled",
        "transform" : [
          0.99944365,
          -9.4776435e-05,
          -0.03335206,
          0,
          -0.01782608,
          0.84365994,
          -0.536582,
          0,
          0.028188648,
          0.536878,
          0.84318894,
          0,
          -2.880324,
          2.5242038,
          5.6985607,
          1
        ]
      },
      {
        "date" : 766937760.195368,
        "title" : "Untitled",
        "transform" : [
          0.90434176,
          -9.4776464e-05,
          -0.4268091,
          0,
          -0.28481486,
          0.7446442,
          -0.60364354,
          0,
          0.31787816,
          0.66746163,
          0.6733859,
          0,
          -0.33627707,
          3.520191,
          5.7874494,
          1
        ]
      },
      {
        "date" : 766937704.816466,
        "title" : "Untitled",
        "transform" : [
          0.8598235,
          -9.477667e-05,
          0.5105913,
          0,
          0.30410764,
          0.80337703,
          -0.5119608,
          0,
          -0.41014886,
          0.59547067,
          0.6907913,
          0,
          -16.359056,
          8.548071,
          10.185959,
          1
        ]
      },
      {
        "date" : 766937225.690692,
        "title" : "Untitled",
        "transform" : [
          0.8485325,
          7.7552184e-05,
          -0.5291434,
          0,
          -0.2570589,
          0.8741294,
          -0.41209045,
          0,
          0.46250784,
          0.48569298,
          0.74174714,
          0,
          0.4466424,
          0.9168905,
          -0.071513474,
          1
        ]
      },
      {
        "date" : 766937222.049574,
        "title" : "Untitled",
        "transform" : [
          0.65214264,
          7.754319e-05,
          -0.7580963,
          0,
          -0.5389471,
          0.70331866,
          -0.46355036,
          0,
          0.53314734,
          0.7108747,
          0.45870593,
          0,
          0.56800544,
          1.1238258,
          -0.265813,
          1
        ]
      },
      {
        "date" : 766937211.679326,
        "title" : "Untitled",
        "transform" : [
          0.3507147,
          7.7538534e-05,
          -0.9364823,
          0,
          -0.5787763,
          0.78617066,
          -0.21668789,
          0,
          0.73621815,
          0.6180093,
          0.27576652,
          0,
          1.3784167,
          1.4413254,
          -0.038130343,
          1
        ]
      },
      {
        "date" : 766937134.343053,
        "title" : "Untitled",
        "transform" : [
          0.8278477,
          7.754283e-05,
          -0.56095284,
          0,
          -0.39969906,
          0.70171714,
          -0.58977425,
          0,
          0.39358452,
          0.71245563,
          0.58094597,
          0,
          2.596762,
          1.603429,
          0.23581094,
          1
        ]
      },
      {
        "date" : 766936604.19835,
        "title" : "Untitled",
        "transform" : [
          0.94193083,
          -4.3028902e-07,
          0.33580706,
          0,
          0.16398352,
          0.87266153,
          -0.45996878,
          0,
          -0.29304576,
          0.48832557,
          0.8219868,
          0,
          1.3650564,
          2.5585537,
          0.6447985,
          1
        ]
      },
      {
        "date" : 766936589.073677,
        "title" : "Untitled",
        "transform" : [
          0.948734,
          -4.3355638e-07,
          0.3160757,
          0,
          0.10746814,
          0.94042313,
          -0.3225755,
          0,
          -0.29724485,
          0.3400064,
          0.8922115,
          0,
          1.3430555,
          1.7814437,
          1.0127363,
          1
        ]
      }
    ],
    "69D5EC21-9986-4FB9-A305-F3E790A27330" : [
      {
        "date" : 765689937.096622,
        "title" : "Untitled",
        "transform" : [
          0.990055,
          2.980336e-09,
          -0.14068082,
          0,
          -0.022422474,
          0.9872164,
          -0.15780057,
          0,
          0.13888243,
          0.15938564,
          0.9773986,
          0,
          1.3248677,
          0.80705035,
          4.498005,
          1
        ]
      }
    ],
    "9E208371-958C-470E-BECE-8373E404B665" : [
      {
        "date" : 766190741.083793,
        "title" : "Untitled",
        "transform" : [
          -0.92084736,
          -0.00017442636,
          -0.38992321,
          0,
          -0.15581477,
          0.9168525,
          0.3675639,
          0,
          0.35743797,
          0.39922607,
          -0.84430844,
          0,
          0.06891025,
          0.9597459,
          -0.08947642,
          1
        ]
      },
      {
        "date" : 766190231.571115,
        "title" : "Untitled",
        "transform" : [
          -0.9102719,
          3.643546e-09,
          0.414011,
          0,
          0.08087866,
          0.9807328,
          0.17782515,
          0,
          -0.40603417,
          0.1953539,
          -0.8927335,
          0,
          -0.4658171,
          0.72332656,
          -0.1868654,
          1
        ]
      },
      {
        "date" : 766190208.970811,
        "title" : "Untitled",
        "transform" : [
          -0.28773665,
          0.00022231278,
          -0.95770955,
          0,
          -0.43992734,
          0.8882228,
          0.13237906,
          0,
          0.85068893,
          0.45941293,
          -0.25547647,
          0,
          2.0288885,
          1.5524276,
          -0.574574,
          1
        ]
      }
    ]
  },
  "sceneViewportBackgroundColors" : {

  },
  "selectedSceneRelativePath" : "Untitled Scene.usda"
}