{
  "advancedEditorSelectedIdentifier" : "ProjectBrowser",
  "openSceneRelativePaths" : [
    "Immersive.usda"
  ],
  "recentIdentifiers" : {
    "1D572CEB-057A-41C3-B575-04C37501A3C0" : [

    ],
    "1DB15FB2-81FF-4247-810A-EBE12EF36BA3" : [

    ]
  },
  "sceneCameraHistory" : {
    "1D572CEB-057A-41C3-B575-04C37501A3C0" : [
      {
        "date" : 764798316.882878,
        "title" : "Untitled",
        "transform" : [
          -0.97725224,
          -1.150584e-08,
          0.21208034,
          0,
          0.08801534,
          0.9098171,
          0.40556905,
          0,
          -0.19295444,
          0.41500962,
          -0.88912064,
          0,
          -0.47749275,
          0.9090766,
          -4.449148,
          1
        ]
      },
      {
        "date" : 764798304.131077,
        "title" : "Untitled",
        "transform" : [
          -0.99269533,
          -1.0813514e-08,
          0.12064848,
          0,
          0.037485432,
          0.9505081,
          0.30843034,
          0,
          -0.11467749,
          0.31069994,
          -0.94356483,
          0,
          -0.07668801,
          0.43217632,
          -4.443923,
          1
        ]
      },
      {
        "date" : 764798298.611624,
        "title" : "Untitled",
        "transform" : [
          -0.97081554,
          -1.3920223e-08,
          -0.2398275,
          0,
          -0.1657292,
          0.7228214,
          0.6708674,
          0,
          0.17335227,
          0.6910349,
          -0.70172626,
          0,
          0.6259891,
          1.857379,
          -4.3246565,
          1
        ]
      },
      {
        "date" : 764798266.683929,
        "title" : "Untitled",
        "transform" : [
          -0.9987551,
          -1.5968585e-08,
          -0.049881812,
          0,
          -0.02382644,
          0.8785462,
          0.47706273,
          0,
          0.04382332,
          0.47765738,
          -0.8774525,
          0,
          0.27783546,
          1.2838591,
          -4.7969775,
          1
        ]
      },
      {
        "date" : 764798260.593329,
        "title" : "Untitled",
        "transform" : [
          -0.998755,
          -1.5968583e-08,
          -0.049881805,
          0,
          -0.02382644,
          0.8785462,
          0.47706273,
          0,
          0.043823324,
          0.47765744,
          -0.8774526,
          0,
          1.419148,
          6.5577884,
          -24.502346,
          1
        ]
      },
      {
        "date" : 764798258.273868,
        "title" : "Untitled",
        "transform" : [
          -0.9051408,
          -1.738956e-08,
          -0.42511207,
          0,
          -0.0499095,
          0.9930843,
          0.10626631,
          0,
          0.42217198,
          0.11740315,
          -0.8988812,
          0,
          10.899397,
          -3.021243,
          -22.747717,
          1
        ]
      },
      {
        "date" : 764798193.450469,
        "title" : "Untitled",
        "transform" : [
          -0.9845711,
          -2.0561977e-08,
          0.17498596,
          0,
          0.11204517,
          0.7681167,
          0.6304304,
          0,
          -0.13440974,
          0.6403099,
          -0.75626534,
          0,
          -3.7949646,
          11.232703,
          -22.467932,
          1
        ]
      },
      {
        "date" : 764798146.234245,
        "title" : "Untitled",
        "transform" : [
          -0.8912394,
          -1.2619974e-08,
          0.453533,
          0,
          0.32665566,
          0.6937179,
          0.64191234,
          0,
          -0.31462407,
          0.7202468,
          -0.61826867,
          0,
          -9.545608,
          13.626034,
          -19.39574,
          1
        ]
      },
      {
        "date" : 764798138.442171,
        "title" : "Untitled",
        "transform" : [
          -0.9885294,
          -2.6530413e-08,
          0.15102862,
          0,
          0.074322656,
          0.87053305,
          0.48646513,
          0,
          -0.13147548,
          0.49210998,
          -0.8605475,
          0,
          -0.803198,
          1.2633973,
          -2.609606,
          1
        ]
      },
      {
        "date" : 764798130.078205,
        "title" : "Untitled",
        "transform" : [
          -0.99781,
          -2.235815e-08,
          0.06614449,
          0,
          0.04190036,
          0.7737684,
          0.63208115,
          0,
          -0.051180538,
          0.6334685,
          -0.772074,
          0,
          -0.58423895,
          1.673163,
          -2.479339,
          1
        ]
      }
    ]
  },
  "sceneViewportBackgroundColors" : {

  },
  "selectedSceneRelativePath" : "Immersive.usda"
}