{
  "advancedEditorSelectedIdentifier" : "BehaviorsPluginID",
  "openSceneRelativePaths" : [
    "Immersive.usda"
  ],
  "recentIdentifiers" : {
    "002B1BDB-819B-4E64-A87B-B75E2F5B3CC2" : [

    ],
    "1D572CEB-057A-41C3-B575-04C37501A3C0" : [

    ],
    "1DB15FB2-81FF-4247-810A-EBE12EF36BA3" : [

    ]
  },
  "sceneCameraHistory" : {
    "1D572CEB-057A-41C3-B575-04C37501A3C0" : [
      {
        "date" : 765938679.883256,
        "title" : "Untitled",
        "transform" : [
          0.54268056,
          -5.5501594e-08,
          0.83993924,
          0,
          0.33292335,
          0.9180925,
          -0.21510004,
          0,
          -0.77114195,
          0.39636603,
          0.4982309,
          0,
          -0.8897438,
          2.4178495,
          0.72641706,
          1
        ]
      },
      {
        "date" : 765938675.71165,
        "title" : "Untitled",
        "transform" : [
          -0.9472471,
          -5.3187964e-08,
          0.32050425,
          0,
          0.07132152,
          0.974926,
          0.21079022,
          0,
          -0.3124679,
          0.22252929,
          -0.92349577,
          0,
          0.9138448,
          0.47487727,
          -1.8762203,
          1
        ]
      },
      {
        "date" : 765938672.343885,
        "title" : "Untitled",
        "transform" : [
          -0.75980157,
          -5.080601e-08,
          -0.650155,
          0,
          -0.37998718,
          0.81142527,
          0.44407073,
          0,
          0.5275522,
          0.5844562,
          -0.6165222,
          0,
          1.4989533,
          0.7253864,
          -1.6828319,
          1
        ]
      },
      {
        "date" : 765938668.113156,
        "title" : "Untitled",
        "transform" : [
          -0.75980157,
          -3.0157164e-08,
          -0.650155,
          0,
          -0.37998724,
          0.8114252,
          0.44407076,
          0,
          0.5275521,
          0.58445626,
          -0.61652213,
          0,
          4.3082485,
          2.7396388,
          -2.81918,
          1
        ]
      },
      {
        "date" : 765937476.057271,
        "title" : "Untitled",
        "transform" : [
          0.26679832,
          -4.0070297e-08,
          0.96375245,
          0,
          0.09122344,
          0.9955102,
          -0.02525359,
          0,
          -0.95942533,
          0.094654456,
          0.2656004,
          0,
          -3.0562382,
          0.75791657,
          -1.3696724,
          1
        ]
      },
      {
        "date" : 765937467.658261,
        "title" : "Untitled",
        "transform" : [
          0.938094,
          -3.5975344e-08,
          -0.34638074,
          0,
          -0.179648,
          0.8549908,
          -0.48653615,
          0,
          0.29615232,
          0.51864326,
          0.80206174,
          0,
          1.2406616,
          0.6301956,
          -0.38412666,
          1
        ]
      },
      {
        "date" : 765937466.234463,
        "title" : "Untitled",
        "transform" : [
          0.938094,
          -4.0072948e-08,
          -0.3463807,
          0,
          -0.179648,
          0.8549907,
          -0.48653618,
          0,
          0.29615232,
          0.5186432,
          0.80206174,
          0,
          -44.107296,
          -61.08959,
          28.604523,
          1
        ]
      },
      {
        "date" : 765937454.059264,
        "title" : "Untitled",
        "transform" : [
          0.9941527,
          -4.7269246e-08,
          -0.107982814,
          0,
          -0.025786398,
          0.97106844,
          -0.23740508,
          0,
          0.104858704,
          0.23880136,
          0.9653904,
          0,
          1.3024784,
          1.4466298,
          3.423543,
          1
        ]
      },
      {
        "date" : 765937447.359315,
        "title" : "Untitled",
        "transform" : [
          0.9898023,
          -4.717626e-08,
          0.14244765,
          0,
          0.1423609,
          0.03489956,
          -0.98919934,
          0,
          -0.0049713324,
          0.99939084,
          0.034543697,
          0,
          0.8132077,
          4.90022,
          -1.3460748,
          1
        ]
      },
      {
        "date" : 765937432.634196,
        "title" : "Untitled",
        "transform" : [
          0.9996561,
          -4.566511e-08,
          0.02622894,
          0,
          0.02594902,
          0.14571238,
          -0.98898673,
          0,
          -0.0038218445,
          0.98932713,
          0.14566222,
          0,
          0.8386291,
          4.8290358,
          -0.7640434,
          1
        ]
      }
    ],
    "69D5EC21-9986-4FB9-A305-F3E790A27330" : [
      {
        "date" : 765689937.096622,
        "title" : "Untitled",
        "transform" : [
          0.990055,
          2.980336e-09,
          -0.14068082,
          0,
          -0.022422474,
          0.9872164,
          -0.15780057,
          0,
          0.13888243,
          0.15938564,
          0.9773986,
          0,
          1.3248677,
          0.80705035,
          4.498005,
          1
        ]
      }
    ]
  },
  "sceneViewportBackgroundColors" : {

  },
  "selectedSceneRelativePath" : "Immersive.usda"
}