{
  "advancedEditorSelectedIdentifier" : "BehaviorsPluginID",
  "openSceneRelativePaths" : [
    "Immersive.usda",
    "TestPlaceScenes\/Test.usda"
  ],
  "recentIdentifiers" : {
    "002B1BDB-819B-4E64-A87B-B75E2F5B3CC2" : [

    ],
    "1D572CEB-057A-41C3-B575-04C37501A3C0" : [

    ],
    "1DB15FB2-81FF-4247-810A-EBE12EF36BA3" : [

    ]
  },
  "sceneCameraHistory" : {
    "1D572CEB-057A-41C3-B575-04C37501A3C0" : [
      {
        "date" : 765689320.492968,
        "title" : "Untitled",
        "transform" : [
          0.9631658,
          -1.6513837e-08,
          0.2689085,
          0,
          0.19390726,
          0.6928411,
          -0.6945295,
          0,
          -0.1863108,
          0.7210904,
          0.6673208,
          0,
          -0.39861566,
          1.5168049,
          0.6750221,
          1
        ]
      },
      {
        "date" : 765689307.182181,
        "title" : "Untitled",
        "transform" : [
          0.5408346,
          -1.0104828e-08,
          0.841129,
          0,
          0.5187187,
          0.7872033,
          -0.33352914,
          0,
          -0.6621395,
          0.6166935,
          0.42574677,
          0,
          -0.54277706,
          0.91140807,
          -0.051894903,
          1
        ]
      },
      {
        "date" : 765689295.577244,
        "title" : "Untitled",
        "transform" : [
          0.56821585,
          -2.553151e-08,
          0.8228795,
          0,
          0.48583934,
          0.8071007,
          -0.33548242,
          0,
          -0.6641466,
          0.5904137,
          0.45860747,
          0,
          -0.34008387,
          0.9239241,
          0.20989269,
          1
        ]
      },
      {
        "date" : 765689293.727199,
        "title" : "Untitled",
        "transform" : [
          0.56821585,
          7.938681e-10,
          0.8228795,
          0,
          0.48583937,
          0.8071007,
          -0.33548248,
          0,
          -0.6641466,
          0.59041375,
          0.45860747,
          0,
          -0.38885593,
          0.7544012,
          0.051537514,
          1
        ]
      },
      {
        "date" : 765689281.880897,
        "title" : "Untitled",
        "transform" : [
          0.57878953,
          1.0701666e-07,
          0.8154771,
          0,
          0.40592426,
          0.8673061,
          -0.2881072,
          0,
          -0.7072682,
          0.49777526,
          0.5019876,
          0,
          0.042725667,
          0.7755141,
          0.15458968,
          1
        ]
      },
      {
        "date" : 765689259.351279,
        "title" : "Untitled",
        "transform" : [
          -0.30143666,
          5.575019e-08,
          0.9534862,
          0,
          0.84302735,
          0.4671981,
          0.26651606,
          0,
          -0.44546685,
          0.88415265,
          -0.14083071,
          0,
          -0.17143142,
          1.4126647,
          -0.6519512,
          1
        ]
      },
      {
        "date" : 765689255.57047,
        "title" : "Untitled",
        "transform" : [
          0.6160835,
          3.3560156e-08,
          0.7876809,
          0,
          0.7228723,
          0.3972228,
          -0.5653935,
          0,
          -0.31288484,
          0.9177223,
          0.2447224,
          0,
          -0.35840723,
          1.8930986,
          0.12097233,
          1
        ]
      },
      {
        "date" : 765689254.109693,
        "title" : "Untitled",
        "transform" : [
          0.61608356,
          -2.6471017e-08,
          0.787681,
          0,
          0.72287226,
          0.3972228,
          -0.56539345,
          0,
          -0.31288478,
          0.91772234,
          0.24472241,
          0,
          -0.23843823,
          1.0772843,
          -0.006896861,
          1
        ]
      },
      {
        "date" : 765689250.017598,
        "title" : "Untitled",
        "transform" : [
          -0.015125385,
          -8.10058e-09,
          0.9998856,
          0,
          0.50217825,
          0.86473083,
          0.0075965384,
          0,
          -0.8646319,
          0.50223565,
          -0.013079358,
          0,
          -1.0836272,
          0.9114526,
          0.12679917,
          1
        ]
      },
      {
        "date" : 765689216.857562,
        "title" : "Untitled",
        "transform" : [
          -0.39715368,
          -7.797096e-09,
          0.9177521,
          0,
          0.60842216,
          0.7486652,
          0.26329237,
          0,
          -0.6870891,
          0.66294825,
          -0.29733512,
          0,
          -0.95426375,
          1.3891765,
          -0.47251636,
          1
        ]
      }
    ]
  },
  "sceneViewportBackgroundColors" : {

  },
  "selectedSceneRelativePath" : "Immersive.usda"
}