{
  "advancedEditorSelectedIdentifier" : "BehaviorsPluginID",
  "openSceneRelativePaths" : [
    "Immersive.usda"
  ],
  "recentIdentifiers" : {
    "002B1BDB-819B-4E64-A87B-B75E2F5B3CC2" : [

    ],
    "1D572CEB-057A-41C3-B575-04C37501A3C0" : [

    ],
    "1DB15FB2-81FF-4247-810A-EBE12EF36BA3" : [

    ]
  },
  "sceneCameraHistory" : {
    "1D572CEB-057A-41C3-B575-04C37501A3C0" : [
      {
        "date" : 765836183.274951,
        "title" : "Untitled",
        "transform" : [
          0.99850184,
          -0.0007527633,
          -0.05471239,
          0,
          -0.01020167,
          0.9798116,
          -0.19966242,
          0,
          0.053758293,
          0.1999216,
          0.97833604,
          0,
          8.45565,
          4.3550825,
          18.272192,
          1
        ]
      },
      {
        "date" : 765836120.264719,
        "title" : "Untitled",
        "transform" : [
          0.7837202,
          -0.0007527676,
          -0.6211135,
          0,
          -0.29603162,
          0.8786593,
          -0.3745973,
          0,
          0.54602915,
          0.47744885,
          0.68840015,
          0,
          7.419037,
          6.2518682,
          1.5091857,
          1
        ]
      },
      {
        "date" : 765836115.313802,
        "title" : "Untitled",
        "transform" : [
          0.7837202,
          -0.0007527676,
          -0.6211135,
          0,
          -0.29603162,
          0.8786593,
          -0.3745973,
          0,
          0.5460291,
          0.4774488,
          0.6884001,
          0,
          10.867512,
          6.248595,
          -1.2237659,
          1
        ]
      },
      {
        "date" : 765836068.527293,
        "title" : "Untitled",
        "transform" : [
          0.98239374,
          -0.00075276825,
          -0.18682033,
          0,
          -0.08169567,
          0.8975813,
          -0.43321326,
          0,
          0.16801251,
          0.44084847,
          0.88171667,
          0,
          8.317329,
          5.7660675,
          6.644355,
          1
        ]
      },
      {
        "date" : 765836064.634834,
        "title" : "Untitled",
        "transform" : [
          0.8607074,
          -0.00075277133,
          0.5090993,
          0,
          0.3111798,
          0.79222596,
          -0.5249238,
          0,
          -0.40292656,
          0.6102273,
          0.68210906,
          0,
          -0.705698,
          7.999995,
          12.54985,
          1
        ]
      },
      {
        "date" : 765836058.74679,
        "title" : "Untitled",
        "transform" : [
          0.981748,
          -0.0007527767,
          -0.19018492,
          0,
          -0.034419626,
          0.98277605,
          -0.18156657,
          0,
          0.18704589,
          0.1847987,
          0.9648126,
          0,
          8.557503,
          2.392733,
          7.683962,
          1
        ]
      },
      {
        "date" : 765836048.951669,
        "title" : "Untitled",
        "transform" : [
          0.981748,
          -0.0007527767,
          -0.19018492,
          0,
          -0.034419626,
          0.98277605,
          -0.18156657,
          0,
          0.18704589,
          0.1847987,
          0.9648126,
          0,
          5.9621563,
          1.9677042,
          5.8262463,
          1
        ]
      },
      {
        "date" : 765836003.735142,
        "title" : "Untitled",
        "transform" : [
          0.981748,
          -0.0007527767,
          -0.19018492,
          0,
          -0.034419626,
          0.98277605,
          -0.18156657,
          0,
          0.18704587,
          0.18479869,
          0.96481246,
          0,
          5.733297,
          1.7415946,
          4.645752,
          1
        ]
      },
      {
        "date" : 765835864.010736,
        "title" : "Untitled",
        "transform" : [
          0.48325616,
          -0.00075278094,
          0.8754786,
          0,
          0.13122147,
          0.9887653,
          -0.071582854,
          0,
          -0.865589,
          0.14947446,
          0.47792572,
          0,
          1.3696077,
          0.84748334,
          0.6314794,
          1
        ]
      },
      {
        "date" : 765835818.043114,
        "title" : "Untitled",
        "transform" : [
          0.48325616,
          -0.00075277337,
          0.8754786,
          0,
          0.13122147,
          0.9887653,
          -0.07158286,
          0,
          -0.865589,
          0.14947446,
          0.47792572,
          0,
          1.369606,
          0.8474827,
          0.6314812,
          1
        ]
      }
    ],
    "69D5EC21-9986-4FB9-A305-F3E790A27330" : [
      {
        "date" : 765689937.096622,
        "title" : "Untitled",
        "transform" : [
          0.990055,
          2.980336e-09,
          -0.14068082,
          0,
          -0.022422474,
          0.9872164,
          -0.15780057,
          0,
          0.13888243,
          0.15938564,
          0.9773986,
          0,
          1.3248677,
          0.80705035,
          4.498005,
          1
        ]
      }
    ]
  },
  "sceneViewportBackgroundColors" : {

  },
  "selectedSceneRelativePath" : "Immersive.usda"
}