{
  "advancedEditorSelectedIdentifier" : "ProjectBrowser",
  "openSceneRelativePaths" : [
    "Immersive.usda",
    "EsmeTestingScene.usda"
  ],
  "recentIdentifiers" : {
    "1D572CEB-057A-41C3-B575-04C37501A3C0" : [

    ],
    "1DB15FB2-81FF-4247-810A-EBE12EF36BA3" : [

    ]
  },
  "sceneCameraHistory" : {
    "1D572CEB-057A-41C3-B575-04C37501A3C0" : [
      {
        "date" : 764508339.733677,
        "title" : "Untitled",
        "transform" : [
          -0.7228175,
          5.7820312e-08,
          0.69103897,
          0,
          0.15168524,
          0.9756118,
          0.15866062,
          0,
          -0.6741861,
          0.21950297,
          -0.70518917,
          0,
          -2.7784579,
          1.6677423,
          -1.9938734,
          1
        ]
      },
      {
        "date" : 764508336.56557,
        "title" : "Untitled",
        "transform" : [
          -0.7325591,
          6.1628214e-08,
          -0.6807034,
          0,
          -0.2280597,
          0.94220555,
          0.24543326,
          0,
          0.6413624,
          0.3350353,
          -0.6902215,
          0,
          0.30220103,
          1.9384173,
          -2.1668239,
          1
        ]
      },
      {
        "date" : 764508332.144774,
        "title" : "Untitled",
        "transform" : [
          -0.9486817,
          5.6268025e-08,
          -0.3162325,
          0,
          0.06957393,
          0.97549796,
          -0.20871814,
          0,
          0.30848396,
          -0.22000872,
          -0.92543715,
          0,
          -0.24969172,
          0.6719735,
          -3.0536745,
          1
        ]
      },
      {
        "date" : 764508319.486633,
        "title" : "Untitled",
        "transform" : [
          -0.5826452,
          5.7882342e-08,
          -0.81272656,
          0,
          0.12933256,
          0.987257,
          -0.092718676,
          0,
          0.80236983,
          -0.15913418,
          -0.57522064,
          0,
          0.9013806,
          0.81719005,
          -2.181481,
          1
        ]
      },
      {
        "date" : 764508315.466874,
        "title" : "Untitled",
        "transform" : [
          -0.9988917,
          7.402739e-08,
          -0.047065947,
          0,
          -0.024041794,
          0.8596926,
          0.51024586,
          0,
          0.040462304,
          0.51081187,
          -0.8587398,
          0,
          -0.94028175,
          2.1132343,
          -2.053575,
          1
        ]
      },
      {
        "date" : 764508309.850315,
        "title" : "Untitled",
        "transform" : [
          -0.83335763,
          7.3941045e-08,
          -0.5527341,
          0,
          -0.1893646,
          0.93948275,
          0.28550526,
          0,
          0.5192842,
          0.34259617,
          -0.7829251,
          0,
          0.6830609,
          1.5548043,
          -1.9050971,
          1
        ]
      },
      {
        "date" : 764508306.932983,
        "title" : "Untitled",
        "transform" : [
          -0.9016051,
          7.236906e-08,
          -0.43255997,
          0,
          -0.124193415,
          0.9578968,
          0.25886235,
          0,
          0.41434786,
          0.28711262,
          -0.86364466,
          0,
          0.30961263,
          1.372772,
          -2.1185615,
          1
        ]
      },
      {
        "date" : 764508302.670916,
        "title" : "Untitled",
        "transform" : [
          -0.29976064,
          7.5235036e-08,
          0.9540145,
          0,
          0.73519695,
          0.6372768,
          0.231006,
          0,
          -0.6079713,
          0.7706349,
          -0.19103058,
          0,
          -3.4603462,
          3.1053867,
          0.045891404,
          1
        ]
      },
      {
        "date" : 764508300.765621,
        "title" : "Untitled",
        "transform" : [
          -0.09788671,
          7.4837e-08,
          0.9951977,
          0,
          0.7631366,
          0.64186317,
          0.07506139,
          0,
          -0.6387807,
          0.7668192,
          -0.06282994,
          0,
          -3.7140214,
          3.0899532,
          0.53808993,
          1
        ]
      },
      {
        "date" : 764508297.304622,
        "title" : "Untitled",
        "transform" : [
          -0.9550898,
          6.897321e-08,
          0.29631627,
          0,
          0.07083641,
          0.9710056,
          0.22832058,
          0,
          -0.28772473,
          0.23905663,
          -0.9273976,
          0,
          -1.6018676,
          1.0978093,
          -2.0837276,
          1
        ]
      }
    ]
  },
  "sceneViewportBackgroundColors" : {

  },
  "selectedSceneRelativePath" : "Immersive.usda"
}