{
  "advancedEditorSelectedIdentifier" : "ProjectBrowser",
  "openSceneRelativePaths" : [
    "Immersive.usda"
  ],
  "recentIdentifiers" : {
    "1D572CEB-057A-41C3-B575-04C37501A3C0" : [

    ]
  },
  "sceneCameraHistory" : {
    "0EBF1712-DA87-4D8E-B63A-475F1731557C" : [
      {
        "date" : 764887318.502782,
        "title" : "Untitled",
        "transform" : [
          0.9561802,
          1.10094e-09,
          -0.29277885,
          0,
          -0.1561697,
          0.84586,
          -0.5100314,
          0,
          0.24764988,
          0.5334052,
          0.8087945,
          0,
          0.64049673,
          1.3795457,
          2.0917852,
          1
        ]
      },
      {
        "date" : 764887316.286695,
        "title" : "Untitled",
        "transform" : [
          0.5375357,
          1.2665922e-09,
          -0.843241,
          0,
          -0.46893445,
          0.831109,
          -0.29892886,
          0,
          0.7008251,
          0.5561097,
          0.44675076,
          0,
          1.8125439,
          1.4382665,
          1.1554315,
          1
        ]
      }
    ],
    "1D572CEB-057A-41C3-B575-04C37501A3C0" : [
      {
        "date" : 765694173.419907,
        "title" : "Untitled",
        "transform" : [
          0.89330107,
          5.845493e-07,
          0.44945866,
          0,
          0.005634876,
          0.99992144,
          -0.011200624,
          0,
          -0.44942346,
          0.012538374,
          0.89323086,
          0,
          -421.96802,
          5.419988e-08,
          204.82689,
          1
        ]
      },
      {
        "date" : 765694161.884462,
        "title" : "Untitled",
        "transform" : [
          0.89330107,
          5.845493e-07,
          0.44945866,
          0,
          0.005634876,
          0.99992144,
          -0.011200624,
          0,
          -0.44942346,
          0.012538374,
          0.89323086,
          0,
          -421.96802,
          1.6075312e-05,
          204.82693,
          1
        ]
      },
      {
        "date" : 765694159.764721,
        "title" : "Untitled",
        "transform" : [
          0.89330107,
          5.845493e-07,
          0.44945866,
          0,
          0.005634876,
          0.99992144,
          -0.011200624,
          0,
          -0.44942346,
          0.012538374,
          0.89323086,
          0,
          -421.96802,
          3.4912187e-05,
          204.82698,
          1
        ]
      },
      {
        "date" : 765693733.761012,
        "title" : "Untitled",
        "transform" : [
          0.89330107,
          5.845493e-07,
          0.44945866,
          0,
          0.005634876,
          0.99992144,
          -0.011200624,
          0,
          -0.44942346,
          0.012538374,
          0.89323086,
          0,
          -422.29657,
          0.19193545,
          205.22632,
          1
        ]
      },
      {
        "date" : 765693579.314189,
        "title" : "Untitled",
        "transform" : [
          0.068547264,
          5.7446886e-07,
          0.99764794,
          0,
          0.35820115,
          0.93332005,
          -0.024612138,
          0,
          -0.9311247,
          0.35904583,
          0.063976265,
          0,
          -610.0551,
          161.66747,
          165.77177,
          1
        ]
      },
      {
        "date" : 765693572.881171,
        "title" : "Untitled",
        "transform" : [
          0.998525,
          5.751072e-07,
          0.054292154,
          0,
          0.021549823,
          0.9178475,
          -0.39634755,
          0,
          -0.04983222,
          0.39693314,
          0.9164938,
          0,
          -14.521767,
          333.81415,
          717.9538,
          1
        ]
      },
      {
        "date" : 765693566.68039,
        "title" : "Untitled",
        "transform" : [
          0.89330107,
          5.7540535e-07,
          0.4494587,
          0,
          0.096846074,
          0.9765096,
          -0.19248323,
          0,
          -0.43890092,
          0.21547396,
          0.8723171,
          0,
          -323.31848,
          191.50127,
          697.0602,
          1
        ]
      },
      {
        "date" : 765693561.972799,
        "title" : "Untitled",
        "transform" : [
          0.9976925,
          5.6959595e-07,
          -0.067893915,
          0,
          -0.05138135,
          0.65366614,
          -0.7550367,
          0,
          0.04437952,
          0.7567831,
          0.65215784,
          0,
          58.43128,
          612.852,
          498.09506,
          1
        ]
      },
      {
        "date" : 765693560.249819,
        "title" : "Untitled",
        "transform" : [
          0.9976925,
          5.6959595e-07,
          -0.067893915,
          0,
          -0.05138135,
          0.65366614,
          -0.7550367,
          0,
          0.04437952,
          0.7567831,
          0.65215784,
          0,
          58.174767,
          613.0059,
          497.93414,
          1
        ]
      },
      {
        "date" : 765693555.533799,
        "title" : "Untitled",
        "transform" : [
          0.9976925,
          5.6959595e-07,
          -0.067893915,
          0,
          -0.05138135,
          0.65366614,
          -0.7550367,
          0,
          0.04437952,
          0.7567831,
          0.65215784,
          0,
          58.60009,
          613.30676,
          497.5563,
          1
        ]
      }
    ],
    "24CE9EE9-A930-49E4-80F6-A38D825B1B9C" : [
      {
        "date" : 764886748.870334,
        "title" : "Untitled",
        "transform" : [
          0.35697308,
          7.011847e-09,
          0.9341147,
          0,
          0.50376815,
          0.8421136,
          -0.1925156,
          0,
          -0.78663075,
          0.53930014,
          0.3006119,
          0,
          -1.886097,
          1.6228889,
          0.7565038,
          1
        ]
      }
    ],
    "CE0D23BA-585A-4572-A01D-D4EF0DA7496F" : [
      {
        "date" : 764810580.576569,
        "title" : "Untitled",
        "transform" : [
          0.07115733,
          -7.145857e-10,
          -0.99746513,
          0,
          -0.0017292257,
          0.9999985,
          -0.00012334966,
          0,
          0.9974636,
          0.0017336188,
          0.071157195,
          0,
          3.6706133,
          0.006379558,
          0.2618547,
          1
        ]
      },
      {
        "date" : 764810579.066365,
        "title" : "Untitled",
        "transform" : [
          0.07115733,
          -7.145857e-10,
          -0.99746513,
          0,
          -0.0017292257,
          0.9999985,
          -0.00012334966,
          0,
          0.9974636,
          0.0017336188,
          0.071157195,
          0,
          3.880096,
          0.0067436406,
          0.2767988,
          1
        ]
      },
      {
        "date" : 764809322.356205,
        "title" : "Untitled",
        "transform" : [
          0.07115733,
          -7.145857e-10,
          -0.99746513,
          0,
          -0.0017292257,
          0.9999985,
          -0.00012334966,
          0,
          0.9974636,
          0.0017336188,
          0.071157195,
          0,
          2.5797405,
          0.0044836123,
          0.18403389,
          1
        ]
      },
      {
        "date" : 764809313.977463,
        "title" : "Untitled",
        "transform" : [
          -0.1805253,
          -1.7141026e-09,
          -0.9835704,
          0,
          -0.2276032,
          0.9728576,
          0.04177448,
          0,
          0.9568739,
          0.2314051,
          -0.17562541,
          0,
          2.474763,
          0.59848297,
          -0.45422,
          1
        ]
      }
    ]
  },
  "sceneViewportBackgroundColors" : {

  },
  "selectedSceneRelativePath" : "Immersive.usda"
}