{
  "advancedEditorSelectedIdentifier" : "ProjectBrowser",
  "openSceneRelativePaths" : [
    "Immersive.usda"
  ],
  "recentIdentifiers" : {
    "1D572CEB-057A-41C3-B575-04C37501A3C0" : [

    ]
  },
  "sceneCameraHistory" : {
    "1D572CEB-057A-41C3-B575-04C37501A3C0" : [
      {
        "date" : 763328819.193044,
        "title" : "Untitled",
        "transform" : [
          -0.4195598,
          5.733887e-09,
          -0.9077277,
          0,
          0.020788819,
          0.9997377,
          -0.009608802,
          0,
          0.9074898,
          -0.022902032,
          -0.41944966,
          0,
          1.8772222,
          0.7396002,
          -0.51545554,
          1
        ]
      },
      {
        "date" : 763328810.879229,
        "title" : "Untitled",
        "transform" : [
          0.3508833,
          -1.2302461e-09,
          0.9364192,
          0,
          -0.23409161,
          0.96824956,
          0.08771591,
          0,
          -0.9066875,
          -0.2499859,
          0.3397425,
          0,
          -1.2215611,
          0.21745625,
          0.24892136,
          1
        ]
      },
      {
        "date" : 763328464.629034,
        "title" : "Untitled",
        "transform" : [
          0.7764988,
          6.3008976e-10,
          -0.6301188,
          0,
          0.11167051,
          0.984171,
          0.13761221,
          0,
          0.62014455,
          -0.17722134,
          0.76420766,
          0,
          0.6168018,
          0.30880427,
          1.070396,
          1
        ]
      },
      {
        "date" : 763328280.831105,
        "title" : "Untitled",
        "transform" : [
          0.7764988,
          6.3008976e-10,
          -0.6301188,
          0,
          0.11167051,
          0.984171,
          0.13761221,
          0,
          0.62014455,
          -0.17722134,
          0.76420766,
          0,
          0.90537834,
          0.4018302,
          1.5711907,
          1
        ]
      },
      {
        "date" : 763328189.431985,
        "title" : "Untitled",
        "transform" : [
          0.7764988,
          6.3008976e-10,
          -0.6301188,
          0,
          0.11167051,
          0.984171,
          0.13761221,
          0,
          0.62014455,
          -0.17722134,
          0.76420766,
          0,
          1.3040146,
          0.59264207,
          2.2629828,
          1
        ]
      },
      {
        "date" : 763328182.082684,
        "title" : "Untitled",
        "transform" : [
          -0.48059663,
          1.2409548e-08,
          0.8769418,
          0,
          -0.102802984,
          0.993105,
          -0.05633986,
          0,
          -0.87089515,
          -0.11722898,
          -0.4772829,
          0,
          -2.0255194,
          0.74784184,
          -1.5814505,
          1
        ]
      },
      {
        "date" : 763328136.897125,
        "title" : "Untitled",
        "transform" : [
          -0.032410517,
          1.6659262e-08,
          -0.99947464,
          0,
          0.26725394,
          0.9635872,
          -0.008666376,
          0,
          0.963081,
          -0.26739442,
          -0.031230366,
          0,
          2.6375456,
          0.35169965,
          0.32807034,
          1
        ]
      },
      {
        "date" : 763328135.053091,
        "title" : "Untitled",
        "transform" : [
          -0.032410517,
          1.6659262e-08,
          -0.99947464,
          0,
          0.26725394,
          0.9635872,
          -0.008666376,
          0,
          0.963081,
          -0.26739442,
          -0.031230366,
          0,
          4.0223684,
          0.47861722,
          0.5003211,
          1
        ]
      },
      {
        "date" : 763328105.404961,
        "title" : "Untitled",
        "transform" : [
          -0.032410517,
          1.6659262e-08,
          -0.99947464,
          0,
          0.26725394,
          0.9635872,
          -0.008666376,
          0,
          0.963081,
          -0.26739442,
          -0.031230366,
          0,
          4.3323064,
          0.5070227,
          0.5388726,
          1
        ]
      },
      {
        "date" : 763328099.849971,
        "title" : "Untitled",
        "transform" : [
          0.0020325484,
          -1.7313983e-08,
          -0.999998,
          0,
          0.28247452,
          0.9592747,
          0.0005740418,
          0,
          0.9592727,
          -0.2824748,
          0.00194999,
          0,
          4.3323064,
          0.5070227,
          0.5388726,
          1
        ]
      }
    ]
  },
  "sceneViewportBackgroundColors" : {

  },
  "selectedSceneRelativePath" : "Immersive.usda"
}