{
  "advancedEditorSelectedIdentifier" : "ProjectBrowser",
  "openSceneRelativePaths" : [
    "Immersive.usda"
  ],
  "recentIdentifiers" : {
    "1D572CEB-057A-41C3-B575-04C37501A3C0" : [

    ]
  },
  "sceneCameraHistory" : {
    "0EBF1712-DA87-4D8E-B63A-475F1731557C" : [
      {
        "date" : 764887318.502782,
        "title" : "Untitled",
        "transform" : [
          0.9561802,
          1.10094e-09,
          -0.29277885,
          0,
          -0.1561697,
          0.84586,
          -0.5100314,
          0,
          0.24764988,
          0.5334052,
          0.8087945,
          0,
          0.64049673,
          1.3795457,
          2.0917852,
          1
        ]
      },
      {
        "date" : 764887316.286695,
        "title" : "Untitled",
        "transform" : [
          0.5375357,
          1.2665922e-09,
          -0.843241,
          0,
          -0.46893445,
          0.831109,
          -0.29892886,
          0,
          0.7008251,
          0.5561097,
          0.44675076,
          0,
          1.8125439,
          1.4382665,
          1.1554315,
          1
        ]
      }
    ],
    "1D572CEB-057A-41C3-B575-04C37501A3C0" : [
      {
        "date" : 765937657.777461,
        "title" : "Untitled",
        "transform" : [
          0.54376805,
          4.6304045e-09,
          -0.83923554,
          0,
          -0.20797025,
          0.9688088,
          -0.13475075,
          0,
          0.81305885,
          0.247809,
          0.5268075,
          0,
          39.626823,
          137.1019,
          450.86075,
          1
        ]
      },
      {
        "date" : 765937655.980554,
        "title" : "Untitled",
        "transform" : [
          0.54376805,
          4.6304045e-09,
          -0.83923554,
          0,
          -0.20797025,
          0.9688088,
          -0.13475075,
          0,
          0.81305885,
          0.247809,
          0.5268075,
          0,
          22.885277,
          139.34323,
          475.6449,
          1
        ]
      },
      {
        "date" : 765937645.31393,
        "title" : "Untitled",
        "transform" : [
          0.4910417,
          4.993879e-09,
          -0.871136,
          0,
          -0.22808461,
          0.9651155,
          -0.12856673,
          0,
          0.84074694,
          0.2618242,
          0.47391215,
          0,
          101.46279,
          126.91869,
          385.20996,
          1
        ]
      },
      {
        "date" : 765937639.36315,
        "title" : "Untitled",
        "transform" : [
          0.3911947,
          4.6671804e-09,
          -0.9203079,
          0,
          -0.23188028,
          0.96773773,
          -0.09856526,
          0,
          0.8906168,
          0.2519593,
          0.37857404,
          0,
          87.46856,
          143.98137,
          481.7339,
          1
        ]
      },
      {
        "date" : 765937520.906262,
        "title" : "Untitled",
        "transform" : [
          0.3911947,
          4.6671804e-09,
          -0.9203079,
          0,
          -0.23188028,
          0.96773773,
          -0.09856526,
          0,
          0.8906168,
          0.2519593,
          0.37857404,
          0,
          73.10551,
          191.26466,
          484.0545,
          1
        ]
      },
      {
        "date" : 765937516.208815,
        "title" : "Untitled",
        "transform" : [
          0.4216924,
          4.861108e-09,
          -0.9067389,
          0,
          -0.1072117,
          0.9929852,
          -0.049860444,
          0,
          0.90037835,
          0.11823861,
          0.41873446,
          0,
          78.166374,
          143.1015,
          499.2068,
          1
        ]
      },
      {
        "date" : 765937511.661235,
        "title" : "Untitled",
        "transform" : [
          0.4216924,
          4.861108e-09,
          -0.9067389,
          0,
          -0.1072117,
          0.9929852,
          -0.049860444,
          0,
          0.90037835,
          0.11823861,
          0.41873446,
          0,
          120.3149,
          127.0971,
          413.09665,
          1
        ]
      },
      {
        "date" : 765935694.489431,
        "title" : "Untitled",
        "transform" : [
          0.92638147,
          1.8951816e-09,
          -0.3765864,
          0,
          -0.0030961926,
          0.9999662,
          -0.007616584,
          0,
          0.37657362,
          0.008221653,
          0.9263502,
          0,
          102.66497,
          79.487785,
          330.11078,
          1
        ]
      },
      {
        "date" : 765935692.363245,
        "title" : "Untitled",
        "transform" : [
          0.92638147,
          1.8951816e-09,
          -0.3765864,
          0,
          -0.0030961926,
          0.9999662,
          -0.007616584,
          0,
          0.37657362,
          0.008221653,
          0.9263502,
          0,
          107.60665,
          81.70852,
          328.08224,
          1
        ]
      },
      {
        "date" : 765935684.773509,
        "title" : "Untitled",
        "transform" : [
          0.92638147,
          1.8951816e-09,
          -0.3765864,
          0,
          -0.0030961926,
          0.9999662,
          -0.007616584,
          0,
          0.37657362,
          0.008221653,
          0.9263502,
          0,
          145.17429,
          81.82949,
          312.80942,
          1
        ]
      }
    ],
    "24CE9EE9-A930-49E4-80F6-A38D825B1B9C" : [
      {
        "date" : 764886748.870334,
        "title" : "Untitled",
        "transform" : [
          0.35697308,
          7.011847e-09,
          0.9341147,
          0,
          0.50376815,
          0.8421136,
          -0.1925156,
          0,
          -0.78663075,
          0.53930014,
          0.3006119,
          0,
          -1.886097,
          1.6228889,
          0.7565038,
          1
        ]
      }
    ],
    "CE0D23BA-585A-4572-A01D-D4EF0DA7496F" : [
      {
        "date" : 764810580.576569,
        "title" : "Untitled",
        "transform" : [
          0.07115733,
          -7.145857e-10,
          -0.99746513,
          0,
          -0.0017292257,
          0.9999985,
          -0.00012334966,
          0,
          0.9974636,
          0.0017336188,
          0.071157195,
          0,
          3.6706133,
          0.006379558,
          0.2618547,
          1
        ]
      },
      {
        "date" : 764810579.066365,
        "title" : "Untitled",
        "transform" : [
          0.07115733,
          -7.145857e-10,
          -0.99746513,
          0,
          -0.0017292257,
          0.9999985,
          -0.00012334966,
          0,
          0.9974636,
          0.0017336188,
          0.071157195,
          0,
          3.880096,
          0.0067436406,
          0.2767988,
          1
        ]
      },
      {
        "date" : 764809322.356205,
        "title" : "Untitled",
        "transform" : [
          0.07115733,
          -7.145857e-10,
          -0.99746513,
          0,
          -0.0017292257,
          0.9999985,
          -0.00012334966,
          0,
          0.9974636,
          0.0017336188,
          0.071157195,
          0,
          2.5797405,
          0.0044836123,
          0.18403389,
          1
        ]
      },
      {
        "date" : 764809313.977463,
        "title" : "Untitled",
        "transform" : [
          -0.1805253,
          -1.7141026e-09,
          -0.9835704,
          0,
          -0.2276032,
          0.9728576,
          0.04177448,
          0,
          0.9568739,
          0.2314051,
          -0.17562541,
          0,
          2.474763,
          0.59848297,
          -0.45422,
          1
        ]
      }
    ]
  },
  "sceneViewportBackgroundColors" : {

  },
  "selectedSceneRelativePath" : "Immersive.usda"
}