{
  "advancedEditorSelectedIdentifier" : "ProjectBrowser",
  "openSceneRelativePaths" : [
    "Immersive.usda",
    "Scene.usda"
  ],
  "recentIdentifiers" : {
    "1D572CEB-057A-41C3-B575-04C37501A3C0" : [

    ]
  },
  "sceneCameraHistory" : {
    "1D572CEB-057A-41C3-B575-04C37501A3C0" : [
      {
        "date" : 764540767.715967,
        "title" : "Untitled",
        "transform" : [
          -0.34202427,
          -5.6199663e-09,
          -0.9396911,
          0,
          0.19644956,
          0.97790337,
          -0.071502805,
          0,
          0.9189271,
          -0.20905758,
          -0.33446667,
          0,
          2.2120957,
          0.20617917,
          -0.9869899,
          1
        ]
      },
      {
        "date" : 764540698.863043,
        "title" : "Untitled",
        "transform" : [
          -0.93013793,
          -3.81213e-09,
          -0.36721042,
          0,
          -0.24329461,
          0.7490193,
          0.6162612,
          0,
          0.2750477,
          0.6625482,
          -0.6966912,
          0,
          0.33964542,
          2.1109877,
          -1.3256495,
          1
        ]
      },
      {
        "date" : 764540436.095391,
        "title" : "Untitled",
        "transform" : [
          -0.3551639,
          9.751222e-10,
          -0.9348041,
          0,
          -0.18368015,
          0.98050576,
          0.06978634,
          0,
          0.91658074,
          0.19649053,
          -0.34824023,
          0,
          1.9765725,
          1.1578392,
          -0.93375987,
          1
        ]
      },
      {
        "date" : 764540429.805757,
        "title" : "Untitled",
        "transform" : [
          0.60930645,
          -3.1902494e-09,
          -0.79293483,
          0,
          -0.23635451,
          0.95454234,
          -0.18161938,
          0,
          0.7568899,
          0.2980756,
          0.5816088,
          0,
          1.7757,
          1.1009645,
          1.2877402,
          1
        ]
      },
      {
        "date" : 764540410.72648,
        "title" : "Untitled",
        "transform" : [
          -0.2984395,
          -1.4437488e-08,
          -0.95442855,
          0,
          -0.39399356,
          0.9108192,
          0.12319753,
          0,
          0.86931175,
          0.41280574,
          -0.27182442,
          0,
          0.19264051,
          0.14511877,
          -0.09712231,
          1
        ]
      },
      {
        "date" : 764540379.776744,
        "title" : "Untitled",
        "transform" : [
          -0.77937984,
          9.509931e-08,
          -0.6265516,
          0,
          -0.410046,
          0.75610626,
          0.51006436,
          0,
          0.47373968,
          0.654449,
          -0.58929396,
          0,
          15.2977085,
          19.914219,
          -22.036116,
          1
        ]
      },
      {
        "date" : 764283610.948502,
        "title" : "Untitled",
        "transform" : [
          -0.77937984,
          9.509931e-08,
          -0.6265516,
          0,
          -0.410046,
          0.75610626,
          0.51006436,
          0,
          0.47373968,
          0.654449,
          -0.58929396,
          0,
          17.930841,
          15.046079,
          -25.325693,
          1
        ]
      },
      {
        "date" : 764283474.309772,
        "title" : "Untitled",
        "transform" : [
          -0.64170367,
          9.80195e-08,
          -0.76695263,
          0,
          -0.6103779,
          0.60549617,
          0.51069874,
          0,
          0.464387,
          0.7958483,
          -0.38854906,
          0,
          18.835361,
          20.803547,
          -18.462584,
          1
        ]
      },
      {
        "date" : 764283468.179173,
        "title" : "Untitled",
        "transform" : [
          -0.64170367,
          9.80195e-08,
          -0.76695263,
          0,
          -0.6103779,
          0.60549617,
          0.51069874,
          0,
          0.464387,
          0.7958483,
          -0.38854906,
          0,
          17.694895,
          21.913004,
          -17.553198,
          1
        ]
      },
      {
        "date" : 764283448.120285,
        "title" : "Untitled",
        "transform" : [
          -0.84746146,
          2.8892105e-08,
          -0.5308569,
          0,
          -0.3347296,
          0.776152,
          0.5343633,
          0,
          0.41202566,
          0.63054585,
          -0.6577589,
          0,
          5.1403217,
          11.665251,
          -23.743677,
          1
        ]
      }
    ]
  },
  "sceneViewportBackgroundColors" : {

  },
  "selectedSceneRelativePath" : "Immersive.usda"
}