{
  "advancedEditorSelectedIdentifier" : "ProjectBrowser",
  "openSceneRelativePaths" : [
    "Immersive.usda"
  ],
  "recentIdentifiers" : {
    "1D572CEB-057A-41C3-B575-04C37501A3C0" : [

    ]
  },
  "sceneCameraHistory" : {
    "1D572CEB-057A-41C3-B575-04C37501A3C0" : [
      {
        "date" : 764811657.256491,
        "title" : "Untitled",
        "transform" : [
          -0.5440651,
          -2.653227e-08,
          -0.83904296,
          0,
          -0.0147403795,
          0.9998456,
          0.0095581245,
          0,
          0.83891344,
          0.017568037,
          -0.54398113,
          0,
          382.27954,
          45.502647,
          -169.17767,
          1
        ]
      },
      {
        "date" : 764811642.580497,
        "title" : "Untitled",
        "transform" : [
          0.66097236,
          -1.309246e-08,
          -0.7504102,
          0,
          -0.41844654,
          0.8300938,
          -0.3685739,
          0,
          0.62291086,
          0.55762374,
          0.54866904,
          0,
          197.93933,
          262.33905,
          262.3499,
          1
        ]
      },
      {
        "date" : 764811159.6742,
        "title" : "Untitled",
        "transform" : [
          0.01201207,
          -2.3179378e-08,
          -0.99992776,
          0,
          -0.36346725,
          0.9315967,
          -0.004366338,
          0,
          0.93152946,
          0.36349344,
          0.011190404,
          0,
          391.13245,
          196.2865,
          74.41496,
          1
        ]
      },
      {
        "date" : 764811151.513943,
        "title" : "Untitled",
        "transform" : [
          0.96305674,
          -3.413905e-08,
          0.26929808,
          0,
          0.13959996,
          0.8551476,
          -0.49923366,
          0,
          -0.2302896,
          0.51838434,
          0.82355577,
          0,
          -157.7469,
          260.75616,
          325.39575,
          1
        ]
      },
      {
        "date" : 764811142.813313,
        "title" : "Untitled",
        "transform" : [
          0.6986696,
          -1.9009576e-08,
          -0.7154444,
          0,
          -0.7147677,
          0.043482035,
          -0.69800884,
          0,
          0.03110902,
          0.99905413,
          0.030379556,
          0,
          -63.215977,
          435.821,
          34.00576,
          1
        ]
      },
      {
        "date" : 764810605.079837,
        "title" : "Untitled",
        "transform" : [
          0.20626317,
          -9.918168e-09,
          0.97849655,
          0,
          0.05834561,
          0.9982207,
          -0.012299021,
          0,
          -0.9767555,
          0.059627805,
          0.2058962,
          0,
          -438.4934,
          66.181656,
          29.82434,
          1
        ]
      },
      {
        "date" : 764810599.667094,
        "title" : "Untitled",
        "transform" : [
          -0.9636247,
          -7.843706e-09,
          0.267259,
          0,
          0.071125686,
          0.9639371,
          0.25644964,
          0,
          -0.25762087,
          0.26613018,
          -0.9288736,
          0,
          -14.34265,
          45.3925,
          -122.7954,
          1
        ]
      },
      {
        "date" : 764810574.16974,
        "title" : "Untitled",
        "transform" : [
          -0.9661349,
          -1.5692374e-09,
          -0.25803763,
          0,
          -0.05784789,
          0.97454685,
          0.21659192,
          0,
          0.25146973,
          0.22418393,
          -0.94154364,
          0,
          27.780624,
          40.501423,
          -132.71516,
          1
        ]
      },
      {
        "date" : 764810570.009887,
        "title" : "Untitled",
        "transform" : [
          -0.9661349,
          -1.5692374e-09,
          -0.25803763,
          0,
          -0.05784789,
          0.97454685,
          0.21659192,
          0,
          0.25146973,
          0.22418393,
          -0.94154364,
          0,
          28.494703,
          41.137955,
          -135.38943,
          1
        ]
      },
      {
        "date" : 764810560.460258,
        "title" : "Untitled",
        "transform" : [
          -0.88018644,
          -1.1227508e-08,
          -0.4746282,
          0,
          -0.14840983,
          0.9498564,
          0.2752224,
          0,
          0.4508286,
          0.3126865,
          -0.8360507,
          0,
          21.501217,
          58.755814,
          -136.26419,
          1
        ]
      }
    ],
    "CE0D23BA-585A-4572-A01D-D4EF0DA7496F" : [
      {
        "date" : 764810580.576569,
        "title" : "Untitled",
        "transform" : [
          0.07115733,
          -7.145857e-10,
          -0.99746513,
          0,
          -0.0017292257,
          0.9999985,
          -0.00012334966,
          0,
          0.9974636,
          0.0017336188,
          0.071157195,
          0,
          3.6706133,
          0.006379558,
          0.2618547,
          1
        ]
      },
      {
        "date" : 764810579.066365,
        "title" : "Untitled",
        "transform" : [
          0.07115733,
          -7.145857e-10,
          -0.99746513,
          0,
          -0.0017292257,
          0.9999985,
          -0.00012334966,
          0,
          0.9974636,
          0.0017336188,
          0.071157195,
          0,
          3.880096,
          0.0067436406,
          0.2767988,
          1
        ]
      },
      {
        "date" : 764809322.356205,
        "title" : "Untitled",
        "transform" : [
          0.07115733,
          -7.145857e-10,
          -0.99746513,
          0,
          -0.0017292257,
          0.9999985,
          -0.00012334966,
          0,
          0.9974636,
          0.0017336188,
          0.071157195,
          0,
          2.5797405,
          0.0044836123,
          0.18403389,
          1
        ]
      },
      {
        "date" : 764809313.977463,
        "title" : "Untitled",
        "transform" : [
          -0.1805253,
          -1.7141026e-09,
          -0.9835704,
          0,
          -0.2276032,
          0.9728576,
          0.04177448,
          0,
          0.9568739,
          0.2314051,
          -0.17562541,
          0,
          2.474763,
          0.59848297,
          -0.45422,
          1
        ]
      }
    ]
  },
  "sceneViewportBackgroundColors" : {

  },
  "selectedSceneRelativePath" : "Immersive.usda"
}