{
  "advancedEditorSelectedIdentifier" : "ProjectBrowser",
  "openSceneRelativePaths" : [
    "Immersive.usda",
    "Esme\/skyboxTesting.usda",
    "Esme\/bison attractive assests\/bisonAttractiveBasketGrp.usda",
    "Esme\/carseats.usda",
    "Esme\/testingscene0401.usd"
  ],
  "recentIdentifiers" : {
    "1D572CEB-057A-41C3-B575-04C37501A3C0" : [

    ],
    "57D73C7A-24B1-4504-8638-9C4B38C5D02B" : [

    ],
    "B5C81A91-EC27-4A48-AAE0-183397FE04F7" : [

    ],
    "C868B84E-7ACD-463D-A3CF-0D5D0F822C78" : [

    ],
    "D340353D-DAF6-4F0F-9A53-97BB1DA56844" : [

    ],
    "D8984342-7495-42D7-961B-E97B1E40A92C" : [

    ]
  },
  "sceneCameraHistory" : {
    "1D572CEB-057A-41C3-B575-04C37501A3C0" : [
      {
        "date" : 764622894.841842,
        "title" : "Untitled",
        "transform" : [
          0.9997167,
          -7.9995477e-10,
          -0.02380162,
          0,
          -0.016540252,
          0.7190858,
          -0.69472444,
          0,
          0.017115407,
          0.6949213,
          0.7188821,
          0,
          -0.004787326,
          2.3013783,
          2.9435794,
          1
        ]
      },
      {
        "date" : 762228929.390124,
        "title" : "Untitled",
        "transform" : [
          0.9997167,
          -7.9995477e-10,
          -0.02380162,
          0,
          -0.016540252,
          0.7190858,
          -0.69472444,
          0,
          0.017115407,
          0.6949213,
          0.7188821,
          0,
          -0.033294827,
          1.1439136,
          1.7462054,
          1
        ]
      },
      {
        "date" : 762228922.4914,
        "title" : "Untitled",
        "transform" : [
          0.9997167,
          -7.9995477e-10,
          -0.02380162,
          0,
          -0.016540252,
          0.7190858,
          -0.69472444,
          0,
          0.017115407,
          0.6949213,
          0.7188821,
          0,
          -0.04259999,
          1.185427,
          1.7062973,
          1
        ]
      },
      {
        "date" : 762228919.22491,
        "title" : "Untitled",
        "transform" : [
          0.9997167,
          -7.9995477e-10,
          -0.02380162,
          0,
          -0.016540252,
          0.7190858,
          -0.69472444,
          0,
          0.017115407,
          0.6949213,
          0.7188821,
          0,
          0.0073585217,
          1.4353276,
          1.5983746,
          1
        ]
      },
      {
        "date" : 762228882.872298,
        "title" : "Untitled",
        "transform" : [
          0.9997167,
          -7.9995477e-10,
          -0.02380162,
          0,
          -0.016540252,
          0.7190858,
          -0.69472444,
          0,
          0.017115407,
          0.6949213,
          0.7188821,
          0,
          0.015982028,
          3.117399,
          3.4715216,
          1
        ]
      },
      {
        "date" : 762228847.05697,
        "title" : "Untitled",
        "transform" : [
          0.9997167,
          -7.9995477e-10,
          -0.02380162,
          0,
          -0.016540252,
          0.7190858,
          -0.69472444,
          0,
          0.017115407,
          0.6949213,
          0.7188821,
          0,
          0.029782578,
          0.4259534,
          0.7017433,
          1
        ]
      },
      {
        "date" : 762228845.553188,
        "title" : "Untitled",
        "transform" : [
          0.9997167,
          -7.9995477e-10,
          -0.02380162,
          0,
          -0.016540252,
          0.7190858,
          -0.69472444,
          0,
          0.017115407,
          0.6949213,
          0.7188821,
          0,
          0.025660861,
          0.23278274,
          0.51547,
          1
        ]
      },
      {
        "date" : 762228841.349963,
        "title" : "Untitled",
        "transform" : [
          0.9997167,
          -7.9995477e-10,
          -0.02380162,
          0,
          -0.016540252,
          0.7190858,
          -0.69472444,
          0,
          0.017115407,
          0.6949213,
          0.7188821,
          0,
          0.021217892,
          0.02455632,
          0.31467852,
          1
        ]
      },
      {
        "date" : 762228739.98678,
        "title" : "Untitled",
        "transform" : [
          0.9997167,
          -7.9995477e-10,
          -0.02380162,
          0,
          -0.016540252,
          0.7190858,
          -0.69472444,
          0,
          0.017115407,
          0.6949213,
          0.7188821,
          0,
          0.02192296,
          0.057599977,
          0.34654212,
          1
        ]
      },
      {
        "date" : 762228569.205456,
        "title" : "Untitled",
        "transform" : [
          0.9997167,
          -7.9995477e-10,
          -0.02380162,
          0,
          -0.016540252,
          0.7190858,
          -0.69472444,
          0,
          0.017115407,
          0.6949213,
          0.7188821,
          0,
          0.034423225,
          0.25436884,
          0.4029134,
          1
        ]
      }
    ],
    "3BE3E1C2-6FEB-419D-ABD1-5AEAD892E733" : [
      {
        "date" : 764622090.418592,
        "title" : "Untitled",
        "transform" : [
          1,
          0,
          0,
          0,
          0,
          0.7071069,
          -0.7071067,
          0,
          0,
          0.7071067,
          0.7071069,
          0,
          -0.012914811,
          11.823879,
          16.465755,
          1
        ]
      },
      {
        "date" : 764284541.410653,
        "title" : "Untitled",
        "transform" : [
          1,
          0,
          -0,
          0,
          -0,
          0.7071069,
          -0.7071067,
          0,
          0,
          0.7071067,
          0.7071069,
          0,
          -0.0034800768,
          3.1645212,
          4.4369283,
          1
        ]
      },
      {
        "date" : 764283360.000865,
        "title" : "Untitled",
        "transform" : [
          1,
          0,
          0,
          0,
          0,
          0.7071069,
          -0.70710677,
          0,
          0,
          0.70710677,
          0.7071069,
          0,
          0,
          5.076763,
          5.0148573,
          1
        ]
      },
      {
        "date" : 764283349.133381,
        "title" : "Untitled",
        "transform" : [
          1,
          0,
          0,
          0,
          0,
          0.7071069,
          -0.70710677,
          0,
          0,
          0.70710677,
          0.7071069,
          0,
          0,
          1.6203476,
          1.6203481,
          1
        ]
      },
      {
        "date" : 763329837.403672,
        "title" : "Untitled",
        "transform" : [
          1,
          0,
          0,
          0,
          0,
          0.7071069,
          -0.70710677,
          0,
          0,
          0.70710677,
          0.7071069,
          0,
          0,
          0.18993151,
          0.18993156,
          1
        ]
      },
      {
        "date" : 763329835.304003,
        "title" : "Untitled",
        "transform" : [
          1,
          0,
          0,
          0,
          0,
          0.7071069,
          -0.70710677,
          0,
          0,
          0.70710677,
          0.7071069,
          0,
          0,
          0.18912767,
          0.18912771,
          1
        ]
      }
    ],
    "57D73C7A-24B1-4504-8638-9C4B38C5D02B" : [
      {
        "date" : 764708720.470092,
        "title" : "Untitled",
        "transform" : [
          0.665837,
          5.920654e-09,
          0.74609727,
          0,
          0.49083436,
          0.7531322,
          -0.43803367,
          0,
          -0.56190985,
          0.65786916,
          0.5014633,
          0,
          -0.8241916,
          1.4709651,
          0.8648109,
          1
        ]
      },
      {
        "date" : 764708713.254274,
        "title" : "Untitled",
        "transform" : [
          0.914112,
          1.0232152e-09,
          -0.40546188,
          0,
          -0.3037225,
          0.66248196,
          -0.684741,
          0,
          0.26861122,
          0.7490779,
          0.6055828,
          0,
          0.70169055,
          2.20071,
          1.3440671,
          1
        ]
      },
      {
        "date" : 764625301.375241,
        "title" : "Untitled",
        "transform" : [
          0.914112,
          1.0232152e-09,
          -0.40546188,
          0,
          -0.30372253,
          0.662482,
          -0.6847411,
          0,
          0.26861122,
          0.7490779,
          0.6055828,
          0,
          0.74356747,
          2.84635,
          1.9930477,
          1
        ]
      },
      {
        "date" : 764625299.865856,
        "title" : "Untitled",
        "transform" : [
          1,
          0,
          0,
          0,
          0,
          0.7071069,
          -0.70710677,
          0,
          0,
          0.70710677,
          0.7071069,
          0,
          -0.00023927163,
          2.728711,
          2.3204396,
          1
        ]
      },
      {
        "date" : 764625273.018211,
        "title" : "Untitled",
        "transform" : [
          1,
          0,
          0,
          0,
          0,
          0.7071069,
          -0.70710677,
          0,
          0,
          0.70710677,
          0.7071069,
          0,
          0.0011347537,
          1.1635377,
          1.170493,
          1
        ]
      },
      {
        "date" : 764624947.22958,
        "title" : "Untitled",
        "transform" : [
          1,
          0,
          0,
          0,
          0,
          0.7071069,
          -0.70710677,
          0,
          0,
          0.70710677,
          0.7071069,
          0,
          0.0018347544,
          0.75316155,
          0.7644072,
          1
        ]
      }
    ],
    "75156143-2FEF-4740-88F4-B165507E2B4E" : [
      {
        "date" : 764624724.418449,
        "title" : "Untitled",
        "transform" : [
          -0.099845625,
          -4.007195e-08,
          -0.995003,
          0,
          -0.52122307,
          0.8518163,
          0.05230317,
          0,
          0.8475597,
          0.5238407,
          -0.08505014,
          0,
          2.9209044,
          2.8443077,
          -0.3806647,
          1
        ]
      },
      {
        "date" : 764624720.251383,
        "title" : "Untitled",
        "transform" : [
          -0.09984556,
          -5.0117734e-08,
          -0.995003,
          0,
          -0.52122307,
          0.85181624,
          0.052303277,
          0,
          0.8475597,
          0.5238407,
          -0.08505014,
          0,
          2.9209044,
          2.8443077,
          -0.3806647,
          1
        ]
      },
      {
        "date" : 764624718.605481,
        "title" : "Untitled",
        "transform" : [
          -0.09984556,
          -5.0117734e-08,
          -0.995003,
          0,
          -0.52122307,
          0.85181624,
          0.052303277,
          0,
          0.8475597,
          0.5238407,
          -0.08505014,
          0,
          2.9315155,
          2.826967,
          -0.3817295,
          1
        ]
      },
      {
        "date" : 764624713.92244,
        "title" : "Untitled",
        "transform" : [
          -0.09984556,
          -5.0117734e-08,
          -0.995003,
          0,
          -0.52122307,
          0.85181624,
          0.052303277,
          0,
          0.8475596,
          0.52384067,
          -0.085050136,
          0,
          2.9405782,
          2.812156,
          -0.38263896,
          1
        ]
      },
      {
        "date" : 764624704.498931,
        "title" : "Untitled",
        "transform" : [
          0.040978577,
          -4.889034e-08,
          0.99915993,
          0,
          0.61112934,
          0.7911337,
          -0.02506439,
          0,
          -0.7904692,
          0.61164314,
          0.032419585,
          0,
          -3.2761228,
          3.1441588,
          -0.2627538,
          1
        ]
      },
      {
        "date" : 764624687.178764,
        "title" : "Untitled",
        "transform" : [
          -0.9050397,
          -4.8972105e-08,
          0.4253273,
          0,
          0.08265509,
          0.98093575,
          0.17587873,
          0,
          -0.41721877,
          0.19433266,
          -0.8877858,
          0,
          -1.5501195,
          1.9811177,
          -3.4678798,
          1
        ]
      },
      {
        "date" : 764624680.085772,
        "title" : "Untitled",
        "transform" : [
          -0.91154754,
          -3.6379106e-08,
          0.41119483,
          0,
          0.3943993,
          0.28288418,
          0.8743145,
          0,
          -0.11632057,
          0.9591541,
          -0.25786236,
          0,
          -0.16349119,
          3.4223218,
          -0.500978,
          1
        ]
      },
      {
        "date" : 764624671.015508,
        "title" : "Untitled",
        "transform" : [
          -0.2025426,
          -3.1008145e-08,
          0.9792735,
          0,
          0.36991927,
          0.92590815,
          0.07651012,
          0,
          -0.90671724,
          0.3777487,
          -0.1875358,
          0,
          -3.026805,
          1.567295,
          -0.550201,
          1
        ]
      },
      {
        "date" : 764624667.52065,
        "title" : "Untitled",
        "transform" : [
          -0.7820383,
          -3.0072332e-08,
          0.62323046,
          0,
          0.4691015,
          0.6583712,
          0.58863497,
          0,
          -0.410317,
          0.75269336,
          -0.5148714,
          0,
          -1.4691647,
          2.8888268,
          -1.8218793,
          1
        ]
      },
      {
        "date" : 764624657.290029,
        "title" : "Untitled",
        "transform" : [
          -0.78203815,
          -3.007233e-08,
          0.6232304,
          0,
          0.4691015,
          0.6583712,
          0.58863497,
          0,
          -0.410317,
          0.75269336,
          -0.5148714,
          0,
          -3.6639762,
          6.4285684,
          -3.5237265,
          1
        ]
      }
    ],
    "81DFEA20-B07C-4543-AB79-601DDCB38494" : [
      {
        "date" : 764708690.768749,
        "title" : "Untitled",
        "transform" : [
          0.9799433,
          8.69838e-08,
          -0.19927658,
          0,
          -0.018950818,
          0.9954679,
          -0.09319026,
          0,
          0.19837344,
          0.095097646,
          0.97550213,
          0,
          5.8913116,
          5.993241,
          31.463253,
          1
        ]
      },
      {
        "date" : 764708682.827536,
        "title" : "Untitled",
        "transform" : [
          0.9799433,
          8.69838e-08,
          -0.19927658,
          0,
          -0.018950818,
          0.9954679,
          -0.09319026,
          0,
          0.19837344,
          0.095097646,
          0.97550213,
          0,
          -0.30433652,
          3.023132,
          0.9962138,
          1
        ]
      },
      {
        "date" : 764708681.138225,
        "title" : "Untitled",
        "transform" : [
          0.9799433,
          8.69838e-08,
          -0.19927658,
          0,
          -0.018950818,
          0.9954679,
          -0.09319026,
          0,
          0.1983734,
          0.09509763,
          0.975502,
          0,
          -0.2957747,
          3.0160263,
          1.0207033,
          1
        ]
      },
      {
        "date" : 764708670.478111,
        "title" : "Untitled",
        "transform" : [
          0.97958124,
          2.3743161e-05,
          -0.20104916,
          0,
          -0.0005804497,
          0.9999962,
          -0.0027100786,
          0,
          0.20104831,
          0.0027714514,
          0.9795775,
          0,
          0.5964453,
          1.6304559,
          1.2850566,
          1
        ]
      },
      {
        "date" : 764708668.413507,
        "title" : "Untitled",
        "transform" : [
          0.97958124,
          2.3743161e-05,
          -0.20104916,
          0,
          -0.0005804497,
          0.9999962,
          -0.0027100786,
          0,
          0.20104831,
          0.0027714514,
          0.9795775,
          0,
          2.6400418,
          3.4333134,
          9.630753,
          1
        ]
      },
      {
        "date" : 764708662.931889,
        "title" : "Untitled",
        "transform" : [
          0.99995285,
          2.374569e-05,
          0.009718851,
          0,
          0.0030460006,
          0.9488491,
          -0.3157152,
          0,
          -0.009229223,
          0.31572992,
          0.94880426,
          0,
          0.13504757,
          4.1439023,
          12.427553,
          1
        ]
      },
      {
        "date" : 764708661.245625,
        "title" : "Untitled",
        "transform" : [
          0.99995285,
          2.374569e-05,
          0.009718851,
          0,
          0.003046001,
          0.9488492,
          -0.31571522,
          0,
          -0.009229223,
          0.31572992,
          0.94880426,
          0,
          0.19856474,
          1.9709684,
          5.8976545,
          1
        ]
      },
      {
        "date" : 764708658.393326,
        "title" : "Untitled",
        "transform" : [
          0.99493265,
          2.3745597e-05,
          -0.10054412,
          0,
          -0.049775783,
          0.86897284,
          -0.4923502,
          0,
          0.08735841,
          0.4948599,
          0.86457056,
          0,
          0.80152255,
          3.089205,
          5.3718185,
          1
        ]
      },
      {
        "date" : 764708653.577364,
        "title" : "Untitled",
        "transform" : [
          0.9949326,
          2.3751925e-05,
          -0.10054411,
          0,
          -0.04210462,
          0.90819186,
          -0.41643107,
          0,
          0.09130344,
          0.41855425,
          0.9035907,
          0,
          0.68853897,
          0.72537106,
          2.4804952,
          1
        ]
      },
      {
        "date" : 764708646.83437,
        "title" : "Untitled",
        "transform" : [
          0.99899715,
          2.37524e-05,
          -0.04477282,
          0,
          -0.022212783,
          0.8685157,
          -0.49516374,
          0,
          0.038874134,
          0.49566174,
          0.8676452,
          0,
          0.5110283,
          3.0001624,
          5.233444,
          1
        ]
      }
    ],
    "934914B6-F049-446C-8817-00D10C8E6B14" : [
      {
        "date" : 765232833.818068,
        "title" : "Untitled",
        "transform" : [
          -0.5974792,
          -1.0315739e-08,
          -0.8018844,
          0,
          -0.45523226,
          0.82323337,
          0.33919084,
          0,
          0.660138,
          0.56770307,
          -0.49186492,
          0,
          0.45172298,
          0.14310966,
          -0.32979187,
          1
        ]
      },
      {
        "date" : 765232830.05118,
        "title" : "Untitled",
        "transform" : [
          -0.14822486,
          -6.7764843e-09,
          -0.9889537,
          0,
          -0.6387736,
          0.76341486,
          0.09573969,
          0,
          0.754982,
          0.6459085,
          -0.11315711,
          0,
          0.535213,
          0.19731098,
          -0.074717216,
          1
        ]
      },
      {
        "date" : 765232827.911937,
        "title" : "Untitled",
        "transform" : [
          -0.063121304,
          -7.925777e-09,
          -0.99800587,
          0,
          -0.6879704,
          0.7244332,
          0.043512356,
          0,
          0.72298867,
          0.689345,
          -0.045727216,
          0,
          0.525984,
          0.22846311,
          -0.027816296,
          1
        ]
      },
      {
        "date" : 765232747.941299,
        "title" : "Untitled",
        "transform" : [
          -0.063121304,
          -7.925777e-09,
          -0.99800587,
          0,
          -0.6879704,
          0.7244332,
          0.043512356,
          0,
          0.72298867,
          0.689345,
          -0.045727216,
          0,
          0.72872883,
          0.42177334,
          -0.040639393,
          1
        ]
      },
      {
        "date" : 765232737.70546,
        "title" : "Untitled",
        "transform" : [
          0.18192935,
          -1.0149126e-08,
          -0.98331165,
          0,
          -0.4508179,
          0.88871044,
          -0.08340897,
          0,
          0.8738794,
          0.45846897,
          0.16168247,
          0,
          0.43407398,
          0.09679088,
          0.08327528,
          1
        ]
      },
      {
        "date" : 765232720.921107,
        "title" : "Untitled",
        "transform" : [
          0.18192935,
          -1.0149126e-08,
          -0.98331165,
          0,
          -0.4508179,
          0.88871044,
          -0.08340897,
          0,
          0.8738794,
          0.45846897,
          0.16168247,
          0,
          0.46159118,
          0.10141357,
          0.09074347,
          1
        ]
      },
      {
        "date" : 765232705.418578,
        "title" : "Untitled",
        "transform" : [
          0.18192935,
          -1.0149126e-08,
          -0.98331165,
          0,
          -0.4508179,
          0.88871044,
          -0.08340897,
          0,
          0.8738794,
          0.45846897,
          0.16168247,
          0,
          0.39882028,
          0.102902256,
          0.07759125,
          1
        ]
      },
      {
        "date" : 765232702.85761,
        "title" : "Untitled",
        "transform" : [
          0.29867342,
          -1.0057338e-08,
          -0.9543554,
          0,
          -0.24482085,
          0.9665363,
          -0.076618716,
          0,
          0.92241913,
          0.25653005,
          0.28867865,
          0,
          0.4030014,
          0.00891034,
          0.1321346,
          1
        ]
      },
      {
        "date" : 765232696.985492,
        "title" : "Untitled",
        "transform" : [
          0.29867342,
          -1.0057338e-08,
          -0.9543554,
          0,
          -0.24482085,
          0.9665363,
          -0.076618716,
          0,
          0.92241913,
          0.25653005,
          0.28867865,
          0,
          0.41126832,
          0.0096099395,
          0.13484651,
          1
        ]
      },
      {
        "date" : 765232695.985474,
        "title" : "Untitled",
        "transform" : [
          0.29867342,
          -1.0057338e-08,
          -0.9543554,
          0,
          -0.24482085,
          0.9665363,
          -0.076618716,
          0,
          0.92241913,
          0.25653005,
          0.28867865,
          0,
          0.41126832,
          0.009609941,
          0.13484651,
          1
        ]
      }
    ],
    "B5C81A91-EC27-4A48-AAE0-183397FE04F7" : [
      {
        "date" : 765229021.098313,
        "title" : "Untitled",
        "transform" : [
          0.9071709,
          0.012342667,
          -0.4205812,
          0,
          0.4030544,
          0.2614383,
          0.87703884,
          0,
          0.12078105,
          -0.96514124,
          0.23219448,
          0,
          0.0026255315,
          60.58819,
          79.55705,
          1
        ]
      },
      {
        "date" : 765229014.547239,
        "title" : "Untitled",
        "transform" : [
          0.9071709,
          0.012342667,
          -0.4205812,
          0,
          0.4030544,
          0.2614383,
          0.87703884,
          0,
          0.12078105,
          -0.96514124,
          0.23219448,
          0,
          0.043048043,
          60.26517,
          79.63476,
          1
        ]
      },
      {
        "date" : 765229010.986243,
        "title" : "Untitled",
        "transform" : [
          0.9071709,
          0.012342667,
          -0.4205812,
          0,
          0.4030544,
          0.2614383,
          0.87703884,
          0,
          0.12078105,
          -0.96514124,
          0.23219448,
          0,
          0,
          60.60916,
          79.552,
          1
        ]
      },
      {
        "date" : 765229006.697573,
        "title" : "Untitled",
        "transform" : [
          1,
          0,
          0,
          0,
          0,
          1,
          0,
          0,
          0,
          0,
          1,
          0,
          0,
          11.080894,
          14.46013,
          1
        ]
      },
      {
        "date" : 765228734.478991,
        "title" : "Untitled",
        "transform" : [
          0.24576007,
          1.8219802e-05,
          -0.9693307,
          0,
          -0.42315286,
          0.8996863,
          -0.10726751,
          0,
          0.87209153,
          0.43653712,
          0.22111465,
          0,
          0.25573644,
          0.22704917,
          0.13736314,
          1
        ]
      },
      {
        "date" : 765228731.895032,
        "title" : "Untitled",
        "transform" : [
          0.3330934,
          1.8217854e-05,
          -0.94289386,
          0,
          -0.18617037,
          0.98031515,
          -0.06574893,
          0,
          0.92433184,
          0.19743942,
          0.32653987,
          0,
          0.26269415,
          0.14740683,
          0.16931848,
          1
        ]
      },
      {
        "date" : 765228726.043106,
        "title" : "Untitled",
        "transform" : [
          0.18052243,
          -5.9990812e-09,
          -0.9835708,
          0,
          -0.25289837,
          0.9663788,
          -0.04641641,
          0,
          0.95050204,
          0.2571227,
          0.17445299,
          0,
          0.26269415,
          0.14740683,
          0.16931848,
          1
        ]
      },
      {
        "date" : 765228704.18087,
        "title" : "Untitled",
        "transform" : [
          -0.34612578,
          0.0020525588,
          -0.9381859,
          0,
          -0.11297065,
          0.9926303,
          0.04385003,
          0,
          0.93136173,
          0.1211651,
          -0.343343,
          0,
          0.31234857,
          0.10662172,
          -0.13700369,
          1
        ]
      },
      {
        "date" : 765228611.150918,
        "title" : "Untitled",
        "transform" : [
          -0.34612578,
          0.0020525588,
          -0.9381859,
          0,
          -0.11297065,
          0.9926303,
          0.04385003,
          0,
          0.93136173,
          0.1211651,
          -0.343343,
          0,
          0.23137985,
          0.102317914,
          -0.11063674,
          1
        ]
      },
      {
        "date" : 765228490.835452,
        "title" : "Untitled",
        "transform" : [
          -0.34612578,
          0.0020525588,
          -0.9381859,
          0,
          -0.11297065,
          0.9926303,
          0.04385003,
          0,
          0.93136173,
          0.1211651,
          -0.343343,
          0,
          0.46367344,
          0.11466522,
          -0.18628173,
          1
        ]
      }
    ],
    "C868B84E-7ACD-463D-A3CF-0D5D0F822C78" : [
      {
        "date" : 764622882.251459,
        "title" : "Untitled",
        "transform" : [
          0.90907425,
          0.00020298587,
          -0.41663444,
          0,
          -0.13649508,
          0.94495684,
          -0.29736456,
          0,
          0.39364114,
          0.3271947,
          0.8590636,
          0,
          1.3773465,
          1.7851657,
          1.9155909,
          1
        ]
      },
      {
        "date" : 764622876.986755,
        "title" : "Untitled",
        "transform" : [
          0.7190209,
          0.00020299215,
          -0.6949885,
          0,
          -0.6456204,
          0.3703611,
          -0.6678375,
          0,
          0.25726125,
          0.9288877,
          0.26642865,
          0,
          0.52747345,
          2.5246766,
          0.18797408,
          1
        ]
      },
      {
        "date" : 764622874.988484,
        "title" : "Untitled",
        "transform" : [
          0.7190209,
          0.00020299215,
          -0.6949885,
          0,
          -0.6456204,
          0.3703611,
          -0.6678375,
          0,
          0.25726125,
          0.9288877,
          0.26642865,
          0,
          0.455952,
          3.413626,
          0.17019114,
          1
        ]
      },
      {
        "date" : 764622870.619283,
        "title" : "Untitled",
        "transform" : [
          0.7190209,
          0.00020299215,
          -0.6949885,
          0,
          -0.6456204,
          0.3703611,
          -0.6678375,
          0,
          0.25726125,
          0.9288877,
          0.26642865,
          0,
          1.9174658,
          8.690691,
          1.6837865,
          1
        ]
      },
      {
        "date" : 764622868.688056,
        "title" : "Untitled",
        "transform" : [
          0.9716143,
          0.00020296361,
          0.23657046,
          0,
          -0.06557956,
          0.9610403,
          0.26851618,
          0,
          -0.22729927,
          -0.2764086,
          0.9337737,
          0,
          -1.5786582,
          -1.2794087,
          9.092674,
          1
        ]
      },
      {
        "date" : 764622860.885243,
        "title" : "Untitled",
        "transform" : [
          0.9716143,
          0.00020296361,
          0.23657046,
          0,
          -0.06557956,
          0.9610403,
          0.26851618,
          0,
          -0.22729927,
          -0.2764086,
          0.9337737,
          0,
          -0.43115628,
          2.2093213,
          10.404707,
          1
        ]
      },
      {
        "date" : 764622848.33643,
        "title" : "Untitled",
        "transform" : [
          0.9716144,
          0.00020296364,
          0.23657049,
          0,
          -0.06557956,
          0.9610403,
          0.26851618,
          0,
          -0.2272993,
          -0.27640864,
          0.9337738,
          0,
          0.20262456,
          1.0040542,
          4.858651,
          1
        ]
      },
      {
        "date" : 764622846.115422,
        "title" : "Untitled",
        "transform" : [
          0.99172825,
          0.00020295115,
          0.12835516,
          0,
          0.11230528,
          0.48282933,
          -0.86848336,
          0,
          -0.062149998,
          0.87571436,
          0.47881296,
          0,
          1.2992561,
          4.721789,
          0.35768634,
          1
        ]
      },
      {
        "date" : 764622268.783219,
        "title" : "Untitled",
        "transform" : [
          0.99172825,
          0.00020295115,
          0.12835516,
          0,
          0.11230528,
          0.48282933,
          -0.86848336,
          0,
          -0.062149998,
          0.87571436,
          0.47881296,
          0,
          0.88015676,
          1.2418382,
          0.26983064,
          1
        ]
      },
      {
        "date" : 764622266.188712,
        "title" : "Untitled",
        "transform" : [
          0.99172825,
          0.00020295115,
          0.12835516,
          0,
          0.11230528,
          0.48282933,
          -0.86848336,
          0,
          -0.062149998,
          0.87571436,
          0.47881296,
          0,
          0.8732235,
          1.3395311,
          0.32324603,
          1
        ]
      }
    ],
    "D340353D-DAF6-4F0F-9A53-97BB1DA56844" : [
      {
        "date" : 765232666.573981,
        "title" : "Untitled",
        "transform" : [
          0.28398073,
          -6.027434e-06,
          0.95883006,
          0,
          0.073260605,
          0.99707687,
          -0.021691684,
          0,
          -0.9560271,
          0.076404534,
          0.283151,
          0,
          -0.831281,
          -0.091436975,
          0.2366262,
          1
        ]
      },
      {
        "date" : 765232655.581502,
        "title" : "Untitled",
        "transform" : [
          0.28398073,
          -6.027434e-06,
          0.95883006,
          0,
          0.073260605,
          0.99707687,
          -0.021691684,
          0,
          -0.9560271,
          0.076404534,
          0.283151,
          0,
          -0.43502557,
          -0.05809453,
          0.12383117,
          1
        ]
      },
      {
        "date" : 765232651.429393,
        "title" : "Untitled",
        "transform" : [
          0.28398073,
          -6.027434e-06,
          0.95883006,
          0,
          0.073260605,
          0.99707687,
          -0.021691684,
          0,
          -0.9560271,
          0.076404534,
          0.283151,
          0,
          -2.2585108,
          -0.21152957,
          0.64289045,
          1
        ]
      },
      {
        "date" : 765232628.697475,
        "title" : "Untitled",
        "transform" : [
          0.28398073,
          -6.027434e-06,
          0.95883006,
          0,
          0.073260605,
          0.99707687,
          -0.021691684,
          0,
          -0.9560271,
          0.076404534,
          0.283151,
          0,
          -1.1806861,
          -0.12083727,
          0.33608514,
          1
        ]
      },
      {
        "date" : 765232627.581795,
        "title" : "Untitled",
        "transform" : [
          0.28398073,
          -6.027434e-06,
          0.95883006,
          0,
          0.073260605,
          0.99707687,
          -0.021691684,
          0,
          -0.9560271,
          0.076404534,
          0.283151,
          0,
          -0.9097446,
          -0.29829007,
          0.25896102,
          1
        ]
      },
      {
        "date" : 765232606.121495,
        "title" : "Untitled",
        "transform" : [
          0.28398073,
          -6.027434e-06,
          0.95883006,
          0,
          0.073260605,
          0.99707687,
          -0.021691684,
          0,
          -0.9560271,
          0.076404534,
          0.283151,
          0,
          -1.7558501,
          0.25586554,
          0.4998069,
          1
        ]
      },
      {
        "date" : 765232604.915386,
        "title" : "Untitled",
        "transform" : [
          0.28398073,
          -6.027434e-06,
          0.95883006,
          0,
          0.073260605,
          0.99707687,
          -0.021691684,
          0,
          -0.9560271,
          0.076404534,
          0.283151,
          0,
          -0.36839664,
          0.14498195,
          0.08887851,
          1
        ]
      },
      {
        "date" : 765232597.2647,
        "title" : "Untitled",
        "transform" : [
          0.28398073,
          -6.027434e-06,
          0.95883006,
          0,
          0.073260605,
          0.99707687,
          -0.021691684,
          0,
          -0.9560271,
          0.076404534,
          0.283151,
          0,
          -0.25012088,
          0.1058189,
          0.04891598,
          1
        ]
      },
      {
        "date" : 765232576.853949,
        "title" : "Untitled",
        "transform" : [
          -0.20611478,
          -6.0308357e-06,
          0.97852784,
          0,
          0.21175502,
          0.9763042,
          0.044609535,
          0,
          -0.955341,
          0.21640292,
          -0.2012294,
          0,
          -0.113188125,
          0.11114146,
          -0.046531495,
          1
        ]
      },
      {
        "date" : 765232549.782539,
        "title" : "Untitled",
        "transform" : [
          -0.20611478,
          -6.0308357e-06,
          0.97852784,
          0,
          0.211755,
          0.97630405,
          0.04460953,
          0,
          -0.955341,
          0.21640292,
          -0.2012294,
          0,
          -0.23632117,
          0.09609679,
          -0.090758726,
          1
        ]
      }
    ],
    "D8984342-7495-42D7-961B-E97B1E40A92C" : [
      {
        "date" : 765231996.92776,
        "title" : "Untitled",
        "transform" : [
          -0.9997639,
          -6.0337513e-09,
          -0.021725964,
          0,
          -0.009447387,
          0.9005065,
          0.43474007,
          0,
          0.01956423,
          0.43484288,
          -0.9002938,
          0,
          -0.044230144,
          -0.24347375,
          0.59026986,
          1
        ]
      },
      {
        "date" : 765231993.062732,
        "title" : "Untitled",
        "transform" : [
          -0.9997639,
          -6.0337513e-09,
          -0.021725964,
          0,
          -0.0094473865,
          0.9005064,
          0.43474,
          0,
          0.01956423,
          0.43484288,
          -0.9002938,
          0,
          -1.903711,
          -19.23112,
          36.057007,
          1
        ]
      },
      {
        "date" : 765231984.850412,
        "title" : "Untitled",
        "transform" : [
          -0.3101652,
          -6.273752e-09,
          -0.95068264,
          0,
          -0.05304012,
          0.9984424,
          0.017304605,
          0,
          0.9492019,
          0.055791847,
          -0.30968225,
          0,
          -18.804268,
          -1.8195443,
          5.5397944,
          1
        ]
      },
      {
        "date" : 765231973.51237,
        "title" : "Untitled",
        "transform" : [
          -0.3101652,
          -6.273752e-09,
          -0.95068264,
          0,
          -0.05304012,
          0.9984424,
          0.017304605,
          0,
          0.9492019,
          0.055791847,
          -0.30968225,
          0,
          -3.4337838,
          -0.33226085,
          1.0116031,
          1
        ]
      },
      {
        "date" : 765231954.612344,
        "title" : "Untitled",
        "transform" : [
          -0.35222107,
          -5.754333e-09,
          -0.93591684,
          0,
          0.01202573,
          0.9999174,
          -0.0045257523,
          0,
          0.9358394,
          -0.012848915,
          -0.35219213,
          0,
          0.3282256,
          0.06753174,
          -0.17551519,
          1
        ]
      },
      {
        "date" : 765231949.500322,
        "title" : "Untitled",
        "transform" : [
          -0.2539606,
          1.3616898e-08,
          -0.9672146,
          0,
          0.5141636,
          0.8470006,
          -0.13500348,
          0,
          0.81923133,
          -0.53159183,
          -0.21510495,
          0,
          0.23583293,
          -0.110628635,
          -0.11176059,
          1
        ]
      },
      {
        "date" : 765231915.505043,
        "title" : "Untitled",
        "transform" : [
          -0.18560378,
          1.6853058e-08,
          -0.9826246,
          0,
          0.028411897,
          0.99958193,
          -0.0053666444,
          0,
          0.98221385,
          -0.028914096,
          -0.18552637,
          0,
          0.34846053,
          0.06156273,
          -0.11443287,
          1
        ]
      },
      {
        "date" : 765231895.318216,
        "title" : "Untitled",
        "transform" : [
          -0.13228759,
          1.8810107e-08,
          -0.9912115,
          0,
          0.07404618,
          0.99720585,
          -0.009882284,
          0,
          0.9884418,
          -0.074702516,
          -0.13191816,
          0,
          0.3475732,
          0.044695735,
          -0.094172925,
          1
        ]
      },
      {
        "date" : 765231845.138919,
        "title" : "Untitled",
        "transform" : [
          0.02678122,
          1.5812303e-08,
          -0.99964136,
          0,
          0.3508349,
          0.9363903,
          0.009399108,
          0,
          0.9360544,
          -0.35096058,
          0.025077466,
