{
  "advancedEditorSelectedIdentifier" : "ProjectBrowser",
  "openSceneRelativePaths" : [
    "Immersive.usda"
  ],
  "recentIdentifiers" : {
    "1D572CEB-057A-41C3-B575-04C37501A3C0" : [

    ]
  },
  "sceneCameraHistory" : {
    "1D572CEB-057A-41C3-B575-04C37501A3C0" : [
      {
        "date" : 764277324.527432,
        "title" : "Untitled",
        "transform" : [
          -0.8477394,
          1.6877799e-08,
          -0.5304129,
          0,
          -0.3561271,
          0.7410816,
          0.56918484,
          0,
          0.39307925,
          0.6714148,
          -0.62824404,
          0,
          1.3149573,
          2.0129094,
          -6.260693,
          1
        ]
      },
      {
        "date" : 764277316.251033,
        "title" : "Untitled",
        "transform" : [
          0.022014117,
          9.629983e-09,
          -0.99975765,
          0,
          -0.31993672,
          0.94741267,
          -0.0070448336,
          0,
          0.9471831,
          0.32001424,
          0.020856472,
          0,
          2.9108188,
          1.1261528,
          -3.9053395,
          1
        ]
      },
      {
        "date" : 764277303.18165,
        "title" : "Untitled",
        "transform" : [
          0.9947903,
          1.0935453e-08,
          -0.101941235,
          0,
          -0.039117083,
          0.9234486,
          -0.3817232,
          0,
          0.094137445,
          0.3837222,
          0.9186379,
          0,
          1.2745441,
          1.009848,
          -0.13393426,
          1
        ]
      },
      {
        "date" : 764277229.179653,
        "title" : "Untitled",
        "transform" : [
          0.08790363,
          -7.7944773e-10,
          -0.99612904,
          0,
          -0.25026384,
          0.96792585,
          -0.02208459,
          0,
          0.964179,
          0.25123638,
          0.08508419,
          0,
          -0.24044687,
          0.8512126,
          -3.6403985,
          1
        ]
      },
      {
        "date" : 764277215.329871,
        "title" : "Untitled",
        "transform" : [
          -0.30394948,
          1.763375e-09,
          0.9526882,
          0,
          -0.07968994,
          0.9964955,
          -0.0254246,
          0,
          -0.94934946,
          -0.08364746,
          -0.30288425,
          0,
          -1.7601339,
          0.5344115,
          -3.6251225,
          1
        ]
      },
      {
        "date" : 764277179.016369,
        "title" : "Untitled",
        "transform" : [
          -0.6199758,
          -2.6451392e-09,
          -0.78462106,
          0,
          0.16414626,
          0.97787195,
          -0.1297017,
          0,
          0.76725864,
          -0.2092045,
          -0.60625714,
          0,
          -0.5356562,
          0.6235139,
          -4.006041,
          1
        ]
      },
      {
        "date" : 764277170.164282,
        "title" : "Untitled",
        "transform" : [
          0.16828215,
          2.9750036e-09,
          0.9857389,
          0,
          0.32230702,
          0.9450347,
          -0.055023264,
          0,
          -0.93155736,
          0.32697004,
          0.1590327,
          0,
          -4.2516017,
          1.4481641,
          -5.3065257,
          1
        ]
      },
      {
        "date" : 764277153.949814,
        "title" : "Untitled",
        "transform" : [
          -0.771811,
          8.28139e-09,
          0.63585186,
          0,
          0.34070683,
          0.84432757,
          0.41355747,
          0,
          -0.5368673,
          0.53582734,
          -0.6516613,
          0,
          -2.2240305,
          1.6832783,
          -5.6298733,
          1
        ]
      },
      {
        "date" : 764277110.509045,
        "title" : "Untitled",
        "transform" : [
          -0.6279642,
          1.0756153e-08,
          0.7782422,
          0,
          0.3125613,
          0.9158044,
          0.25220594,
          0,
          -0.71271753,
          0.40162468,
          -0.5750923,
          0,
          -2.7435892,
          1.538832,
          -5.8744016,
          1
        ]
      },
      {
        "date" : 764277091.076289,
        "title" : "Untitled",
        "transform" : [
          -0.7448427,
          -2.4636414e-08,
          0.6672401,
          0,
          0.3529054,
          0.8486821,
          0.39394966,
          0,
          -0.5662748,
          0.5289032,
          -0.6321346,
          0,
          -9.103894,
          6.3258605,
          -13.317303,
          1
        ]
      }
    ]
  },
  "sceneViewportBackgroundColors" : {

  },
  "selectedSceneRelativePath" : "Immersive.usda"
}