{
  "advancedEditorSelectedIdentifier" : "ProjectBrowser",
  "openSceneRelativePaths" : [
    "Immersive.usda"
  ],
  "recentIdentifiers" : {
    "1D572CEB-057A-41C3-B575-04C37501A3C0" : [

    ]
  },
  "sceneCameraHistory" : {
    "0EBF1712-DA87-4D8E-B63A-475F1731557C" : [
      {
        "date" : 764887318.502782,
        "title" : "Untitled",
        "transform" : [
          0.9561802,
          1.10094e-09,
          -0.29277885,
          0,
          -0.1561697,
          0.84586,
          -0.5100314,
          0,
          0.24764988,
          0.5334052,
          0.8087945,
          0,
          0.64049673,
          1.3795457,
          2.0917852,
          1
        ]
      },
      {
        "date" : 764887316.286695,
        "title" : "Untitled",
        "transform" : [
          0.5375357,
          1.2665922e-09,
          -0.843241,
          0,
          -0.46893445,
          0.831109,
          -0.29892886,
          0,
          0.7008251,
          0.5561097,
          0.44675076,
          0,
          1.8125439,
          1.4382665,
          1.1554315,
          1
        ]
      }
    ],
    "1D572CEB-057A-41C3-B575-04C37501A3C0" : [
      {
        "date" : 765146709.277605,
        "title" : "Untitled",
        "transform" : [
          0.72746193,
          -3.24225e-08,
          -0.68614817,
          0,
          -0.5336672,
          0.62854576,
          -0.56579995,
          0,
          0.43127552,
          0.77777267,
          0.45724308,
          0,
          -350.1119,
          318.55215,
          749.75464,
          1
        ]
      },
      {
        "date" : 765146703.314021,
        "title" : "Untitled",
        "transform" : [
          0.86168575,
          -2.976735e-08,
          -0.5074422,
          0,
          -0.34803987,
          0.7277232,
          -0.5910053,
          0,
          0.36927748,
          0.685871,
          0.6270687,
          0,
          -380.03052,
          316.71716,
          786.21735,
          1
        ]
      },
      {
        "date" : 765146508.831828,
        "title" : "Untitled",
        "transform" : [
          0.8796785,
          -0.0028310555,
          0.47556043,
          0,
          0.101601005,
          0.97801375,
          -0.18211642,
          0,
          -0.4645891,
          0.20852126,
          0.8606253,
          0,
          -672.65247,
          197.26584,
          895.6976,
          1
        ]
      },
      {
        "date" : 765146504.728263,
        "title" : "Untitled",
        "transform" : [
          0.8796785,
          -0.0028310555,
          0.47556043,
          0,
          0.101601005,
          0.97801375,
          -0.18211642,
          0,
          -0.4645891,
          0.20852126,
          0.8606253,
          0,
          -672.6431,
          197.24716,
          895.7072,
          1
        ]
      },
      {
        "date" : 765146500.8456,
        "title" : "Untitled",
        "transform" : [
          0.8796785,
          -0.0028310555,
          0.47556043,
          0,
          0.101601005,
          0.97801375,
          -0.18211642,
          0,
          -0.4645891,
          0.20852126,
          0.8606253,
          0,
          -672.6393,
          197.2355,
          895.6999,
          1
        ]
      },
      {
        "date" : 765146496.512093,
        "title" : "Untitled",
        "transform" : [
          0.8796785,
          -0.0028310555,
          0.47556043,
          0,
          0.101601005,
          0.97801375,
          -0.18211642,
          0,
          -0.4645891,
          0.20852126,
          0.8606253,
          0,
          -672.63654,
          197.18983,
          895.71234,
          1
        ]
      },
      {
        "date" : 765146492.099741,
        "title" : "Untitled",
        "transform" : [
          0.8796785,
          -0.0028310555,
          0.47556043,
          0,
          0.101601005,
          0.97801375,
          -0.18211642,
          0,
          -0.4645891,
          0.20852126,
          0.8606253,
          0,
          -672.637,
          197.18512,
          895.7132,
          1
        ]
      },
      {
        "date" : 765146488.131863,
        "title" : "Untitled",
        "transform" : [
          0.8796785,
          -0.0028310555,
          0.47556043,
          0,
          0.101601005,
          0.97801375,
          -0.18211642,
          0,
          -0.4645891,
          0.20852126,
          0.8606253,
          0,
          -672.7055,
          197.06392,
          895.83905,
          1
        ]
      },
      {
        "date" : 765146484.460825,
        "title" : "Untitled",
        "transform" : [
          0.8796785,
          -0.0028310555,
          0.47556043,
          0,
          0.101601005,
          0.97801375,
          -0.18211642,
          0,
          -0.4645891,
          0.20852126,
          0.8606253,
          0,
          -672.7209,
          197.04329,
          895.8357,
          1
        ]
      },
      {
        "date" : 765146481.75217,
        "title" : "Untitled",
        "transform" : [
          0.8796785,
          -0.0028310555,
          0.47556043,
          0,
          0.101601005,
          0.97801375,
          -0.18211642,
          0,
          -0.4645891,
          0.20852126,
          0.8606253,
          0,
          -672.8211,
          197.03754,
          895.77295,
          1
        ]
      }
    ],
    "24CE9EE9-A930-49E4-80F6-A38D825B1B9C" : [
      {
        "date" : 764886748.870334,
        "title" : "Untitled",
        "transform" : [
          0.35697308,
          7.011847e-09,
          0.9341147,
          0,
          0.50376815,
          0.8421136,
          -0.1925156,
          0,
          -0.78663075,
          0.53930014,
          0.3006119,
          0,
          -1.886097,
          1.6228889,
          0.7565038,
          1
        ]
      }
    ],
    "CE0D23BA-585A-4572-A01D-D4EF0DA7496F" : [
      {
        "date" : 764810580.576569,
        "title" : "Untitled",
        "transform" : [
          0.07115733,
          -7.145857e-10,
          -0.99746513,
          0,
          -0.0017292257,
          0.9999985,
          -0.00012334966,
          0,
          0.9974636,
          0.0017336188,
          0.071157195,
          0,
          3.6706133,
          0.006379558,
          0.2618547,
          1
        ]
      },
      {
        "date" : 764810579.066365,
        "title" : "Untitled",
        "transform" : [
          0.07115733,
          -7.145857e-10,
          -0.99746513,
          0,
          -0.0017292257,
          0.9999985,
          -0.00012334966,
          0,
          0.9974636,
          0.0017336188,
          0.071157195,
          0,
          3.880096,
          0.0067436406,
          0.2767988,
          1
        ]
      },
      {
        "date" : 764809322.356205,
        "title" : "Untitled",
        "transform" : [
          0.07115733,
          -7.145857e-10,
          -0.99746513,
          0,
          -0.0017292257,
          0.9999985,
          -0.00012334966,
          0,
          0.9974636,
          0.0017336188,
          0.071157195,
          0,
          2.5797405,
          0.0044836123,
          0.18403389,
          1
        ]
      },
      {
        "date" : 764809313.977463,
        "title" : "Untitled",
        "transform" : [
          -0.1805253,
          -1.7141026e-09,
          -0.9835704,
          0,
          -0.2276032,
          0.9728576,
          0.04177448,
          0,
          0.9568739,
          0.2314051,
          -0.17562541,
          0,
          2.474763,
          0.59848297,
          -0.45422,
          1
        ]
      }
    ]
  },
  "sceneViewportBackgroundColors" : {

  },
  "selectedSceneRelativePath" : "Immersive.usda"
}