{
  "advancedEditorSelectedIdentifier" : "ProjectBrowser",
  "openSceneRelativePaths" : [
    "Immersive.usda",
    "Scene.usda"
  ],
  "recentIdentifiers" : {
    "1D572CEB-057A-41C3-B575-04C37501A3C0" : [

    ]
  },
  "sceneCameraHistory" : {
    "1D572CEB-057A-41C3-B575-04C37501A3C0" : [
      {
        "date" : 764283474.309772,
        "title" : "Untitled",
        "transform" : [
          -0.64170367,
          9.80195e-08,
          -0.76695263,
          0,
          -0.6103779,
          0.60549617,
          0.51069874,
          0,
          0.464387,
          0.7958483,
          -0.38854906,
          0,
          18.835361,
          20.803547,
          -18.462584,
          1
        ]
      },
      {
        "date" : 764283468.179173,
        "title" : "Untitled",
        "transform" : [
          -0.64170367,
          9.80195e-08,
          -0.76695263,
          0,
          -0.6103779,
          0.60549617,
          0.51069874,
          0,
          0.464387,
          0.7958483,
          -0.38854906,
          0,
          17.694895,
          21.913004,
          -17.553198,
          1
        ]
      },
      {
        "date" : 764283448.120285,
        "title" : "Untitled",
        "transform" : [
          -0.84746146,
          2.8892105e-08,
          -0.5308569,
          0,
          -0.3347296,
          0.776152,
          0.5343633,
          0,
          0.41202566,
          0.63054585,
          -0.6577589,
          0,
          5.1403217,
          11.665251,
          -23.743677,
          1
        ]
      },
      {
        "date" : 764283440.684684,
        "title" : "Untitled",
        "transform" : [
          0.137285,
          1.1469326e-08,
          -0.99053156,
          0,
          -0.7608939,
          0.6402493,
          -0.10545781,
          0,
          0.6341872,
          0.76816726,
          0.087896645,
          0,
          22.744122,
          16.740442,
          -0.6384156,
          1
        ]
      },
      {
        "date" : 764283419.982534,
        "title" : "Untitled",
        "transform" : [
          0.28398496,
          1.13689165e-08,
          -0.9588287,
          0,
          -0.7274628,
          0.65144086,
          -0.21545923,
          0,
          0.62462026,
          0.7586995,
          0.18499944,
          0,
          23.339415,
          16.376032,
          3.3072624,
          1
        ]
      },
      {
        "date" : 764283402.697634,
        "title" : "Untitled",
        "transform" : [
          -0.51527923,
          2.5440272e-10,
          -0.8570223,
          0,
          -0.5571462,
          0.75985277,
          0.33498064,
          0,
          0.6512108,
          0.65009534,
          -0.39153638,
          0,
          24.56032,
          12.381762,
          -3.8368888,
          1
        ]
      },
      {
        "date" : 764283395.813886,
        "title" : "Untitled",
        "transform" : [
          -0.9988983,
          1.5293582e-09,
          -0.046926692,
          0,
          -0.020739203,
          0.89704025,
          0.4414621,
          0,
          0.042095132,
          0.44194898,
          -0.896052,
          0,
          8.086429,
          5.5181594,
          -26.522974,
          1
        ]
      },
      {
        "date" : 764283387.867587,
        "title" : "Untitled",
        "transform" : [
          -0.60714746,
          -3.5668533e-09,
          -0.7945892,
          0,
          -0.309836,
          0.92084354,
          0.2367464,
          0,
          0.7316923,
          0.38993227,
          -0.5590878,
          0,
          28.426342,
          7.0414944,
          -24.484852,
          1
        ]
      },
      {
        "date" : 764283371.390697,
        "title" : "Untitled",
        "transform" : [
          0.17814559,
          -3.2765457e-09,
          -0.98400414,
          0,
          -0.39549935,
          0.9156711,
          -0.07160179,
          0,
          0.90102416,
          0.40192854,
          0.16312276,
          0,
          36.558846,
          7.554792,
          -11.02963,
          1
        ]
      },
      {
        "date" : 764283366.182496,
        "title" : "Untitled",
        "transform" : [
          0.5175468,
          1.10580345e-07,
          -0.85565495,
          0,
          -0.4438765,
          0.8549221,
          -0.26848057,
          0,
          0.7315182,
          0.5187564,
          0.4424623,
          0,
          34.750717,
          9.699202,
          -2.6577353,
          1
        ]
      }
    ]
  },
  "sceneViewportBackgroundColors" : {

  },
  "selectedSceneRelativePath" : "Immersive.usda"
}