{
  "advancedEditorSelectedIdentifier" : "ProjectBrowser",
  "openSceneRelativePaths" : [
    "Immersive.usda",
    "Esme\/Env\/Env.usda",
    "Esme\/Car\/car.usda",
    "ArtAssets\/SKYBOX.usd"
  ],
  "recentIdentifiers" : {
    "1D572CEB-057A-41C3-B575-04C37501A3C0" : [

    ],
    "28877226-8CBF-4E27-9D30-123DB5038339" : [

    ],
    "57D73C7A-24B1-4504-8638-9C4B38C5D02B" : [

    ],
    "8F5035F0-BF32-4CDD-8675-F75ED970EBCA" : [

    ],
    "A0A57898-CB18-464A-BA2C-179BBB9BF9E7" : [

    ],
    "AD85A263-C1E6-4BF4-96A2-2FEB220EC964" : [

    ],
    "B5C81A91-EC27-4A48-AAE0-183397FE04F7" : [

    ],
    "C868B84E-7ACD-463D-A3CF-0D5D0F822C78" : [

    ],
    "D340353D-DAF6-4F0F-9A53-97BB1DA56844" : [

    ],
    "D8984342-7495-42D7-961B-E97B1E40A92C" : [

    ]
  },
  "sceneCameraHistory" : {
    "1D572CEB-057A-41C3-B575-04C37501A3C0" : [
      {
        "date" : 765757471.928472,
        "title" : "Untitled",
        "transform" : [
          -0.6132826,
          -9.452586e-09,
          0.7898636,
          0,
          0.27830148,
          0.9358716,
          0.21608475,
          0,
          -0.7392109,
          0.35234123,
          -0.5739538,
          0,
          -9.961176,
          9.560728,
          -11.884468,
          1
        ]
      },
      {
        "date" : 765757467.824577,
        "title" : "Untitled",
        "transform" : [
          -0.6132826,
          -9.452586e-09,
          0.7898636,
          0,
          0.27830148,
          0.9358716,
          0.21608475,
          0,
          -0.7392109,
          0.35234123,
          -0.5739538,
          0,
          -9.864878,
          9.468302,
          -11.769577,
          1
        ]
      },
      {
        "date" : 765757459.268672,
        "title" : "Untitled",
        "transform" : [
          -0.6132826,
          -9.452586e-09,
          0.7898636,
          0,
          0.27830148,
          0.9358716,
          0.21608475,
          0,
          -0.7392109,
          0.35234123,
          -0.5739538,
          0,
          -14.6570015,
          13.99892,
          -17.486958,
          1
        ]
      },
      {
        "date" : 765757455.366675,
        "title" : "Untitled",
        "transform" : [
          -0.6132826,
          -9.452586e-09,
          0.7898636,
          0,
          0.27830148,
          0.9358716,
          0.21608475,
          0,
          -0.7392109,
          0.35234123,
          -0.5739538,
          0,
          -93.116905,
          88.93607,
          -111.0958,
          1
        ]
      },
      {
        "date" : 765757446.407687,
        "title" : "Untitled",
        "transform" : [
          -0.7855295,
          7.2755185e-08,
          0.6188241,
          0,
          0.31145492,
          0.86411107,
          0.39535785,
          0,
          -0.53473276,
          0.5033011,
          -0.6787848,
          0,
          13.606396,
          15.924537,
          -4.733471,
          1
        ]
      },
      {
        "date" : 765757440.699147,
        "title" : "Untitled",
        "transform" : [
          -0.8979894,
          -0.0017091222,
          0.440014,
          0,
          0.19189139,
          0.8983705,
          0.39510527,
          0,
          -0.39597085,
          0.4392352,
          -0.80639917,
          0,
          -22.634548,
          51.034252,
          -55.29971,
          1
        ]
      },
      {
        "date" : 765757360.312203,
        "title" : "Untitled",
        "transform" : [
          -0.8979894,
          -0.0017091222,
          0.440014,
          0,
          0.19189139,
          0.8983705,
          0.39510527,
          0,
          -0.39597085,
          0.4392352,
          -0.80639917,
          0,
          -24.434143,
          53.030285,
          -58.964893,
          1
        ]
      },
      {
        "date" : 765757357.375377,
        "title" : "Untitled",
        "transform" : [
          -0.8979894,
          -0.0017091222,
          0.440014,
          0,
          0.19189139,
          0.8983705,
          0.39510527,
          0,
          -0.39597085,
          0.4392352,
          -0.80639917,
          0,
          -11.0514145,
          38.186295,
          -31.71088,
          1
        ]
      },
      {
        "date" : 765757329.174825,
        "title" : "Untitled",
        "transform" : [
          -0.8979894,
          -0.0017091222,
          0.440014,
          0,
          0.19189139,
          0.8983705,
          0.39510527,
          0,
          -0.39597085,
          0.4392352,
          -0.80639917,
          0,
          -17.68545,
          60.363907,
          -50.746548,
          1
        ]
      },
      {
        "date" : 765757326.729307,
        "title" : "Untitled",
        "transform" : [
          -0.8979894,
          -0.0017091222,
          0.440014,
          0,
          0.19189139,
          0.8983705,
          0.39510527,
          0,
          -0.39597085,
          0.4392352,
          -0.80639917,
          0,
          -20.900265,
          97.425285,
          -78.720726,
          1
        ]
      }
    ],
    "28877226-8CBF-4E27-9D30-123DB5038339" : [
      {
        "date" : 765233782.04448,
        "title" : "Untitled",
        "transform" : [
          0.42012832,
          -2.1920549e-08,
          -0.9074647,
          0,
          -0.7756483,
          0.51905286,
          -0.35910136,
          0,
          0.47102222,
          0.8547421,
          0.21806875,
          0,
          0.5598922,
          0.728786,
          0.21093121,
          1
        ]
      },
      {
        "date" : 765233780.453812,
        "title" : "Untitled",
        "transform" : [
          0.41449362,
          -1.0675068e-08,
          -0.9100522,
          0,
          -0.18130672,
          0.9799534,
          -0.0825782,
          0,
          0.89180875,
          0.1992267,
          0.40618438,
          0,
          0.79194856,
          0.060674295,
          0.31228185,
          1
        ]
      },
      {
        "date" : 765233765.824022,
        "title" : "Untitled",
        "transform" : [
          0.41449362,
          -1.0675068e-08,
          -0.9100522,
          0,
          -0.18130672,
          0.9799534,
          -0.0825782,
          0,
          0.89180875,
          0.1992267,
          0.40618438,
          0,
          0.52865064,
          0.07549199,
          0.18008977,
          1
        ]
      },
      {
        "date" : 765233760.895053,
        "title" : "Untitled",
        "transform" : [
          0.6768979,
          3.360043e-09,
          -0.73607683,
          0,
          -0.5035386,
          0.729403,
          -0.46305522,
          0,
          0.53689665,
          0.68408424,
          0.49373132,
          0,
          0.3563578,
          0.35604548,
          0.25267288,
          1
        ]
      },
      {
        "date" : 765233744.186832,
        "title" : "Untitled",
        "transform" : [
          0.5176558,
          -4.616491e-09,
          -0.855589,
          0,
          -0.22472776,
          0.9648889,
          -0.13596672,
          0,
          0.8255483,
          0.26265857,
          0.49948028,
          0,
          0.5703832,
          0.12742147,
          0.2713633,
          1
        ]
      },
      {
        "date" : 765233729.461953,
        "title" : "Untitled",
        "transform" : [
          0.56876665,
          -4.2619073e-09,
          -0.822499,
          0,
          -0.091320634,
          0.99381727,
          -0.06314918,
          0,
          0.8174137,
          0.11102827,
          0.5652501,
          0,
          0.56550235,
          0.028920345,
          0.31434944,
          1
        ]
      },
      {
        "date" : 765233727.135859,
        "title" : "Untitled",
        "transform" : [
          0.56876665,
          -4.2619073e-09,
          -0.822499,
          0,
          -0.091320634,
          0.99381727,
          -0.06314918,
          0,
          0.8174137,
          0.11102827,
          0.5652501,
          0,
          1.0320252,
          0.07050724,
          0.5736787,
          1
        ]
      },
      {
        "date" : 765233632.723743,
        "title" : "Untitled",
        "transform" : [
          0.4699727,
          3.1876395e-09,
          -0.882681,
          0,
          -0.19362913,
          0.975643,
          -0.10309547,
          0,
          0.86118144,
          0.21936463,
          0.4585255,
          0,
          0.6023014,
          0.3784829,
          0.41352615,
          1
        ]
      },
      {
        "date" : 765233607.943034,
        "title" : "Untitled",
        "transform" : [
          0.4699727,
          3.1876395e-09,
          -0.882681,
          0,
          -0.19362913,
          0.975643,
          -0.10309547,
          0,
          0.86118144,
          0.21936463,
          0.4585255,
          0,
          0.82909304,
          0.43625256,
          0.5342784,
          1
        ]
      },
      {
        "date" : 765233590.837876,
        "title" : "Untitled",
        "transform" : [
          0.8197516,
          8.548229e-09,
          -0.5727193,
          0,
          -0.22066411,
          0.92279476,
          -0.3158437,
          0,
          0.5285023,
          0.38529179,
          0.75646245,
          0,
          0.856053,
          1.0067282,
          1.307787,
          1
        ]
      }
    ],
    "3BE3E1C2-6FEB-419D-ABD1-5AEAD892E733" : [
      {
        "date" : 764622090.418592,
        "title" : "Untitled",
        "transform" : [
          1,
          0,
          0,
          0,
          0,
          0.7071069,
          -0.7071067,
          0,
          0,
          0.7071067,
          0.7071069,
          0,
          -0.012914811,
          11.823879,
          16.465755,
          1
        ]
      },
      {
        "date" : 764284541.410653,
        "title" : "Untitled",
        "transform" : [
          1,
          0,
          -0,
          0,
          -0,
          0.7071069,
          -0.7071067,
          0,
          0,
          0.7071067,
          0.7071069,
          0,
          -0.0034800768,
          3.1645212,
          4.4369283,
          1
        ]
      },
      {
        "date" : 764283360.000865,
        "title" : "Untitled",
        "transform" : [
          1,
          0,
          0,
          0,
          0,
          0.7071069,
          -0.70710677,
          0,
          0,
          0.70710677,
          0.7071069,
          0,
          0,
          5.076763,
          5.0148573,
          1
        ]
      },
      {
        "date" : 764283349.133381,
        "title" : "Untitled",
        "transform" : [
          1,
          0,
          0,
          0,
          0,
          0.7071069,
          -0.70710677,
          0,
          0,
          0.70710677,
          0.7071069,
          0,
          0,
          1.6203476,
          1.6203481,
          1
        ]
      },
      {
        "date" : 763329837.403672,
        "title" : "Untitled",
        "transform" : [
          1,
          0,
          0,
          0,
          0,
          0.7071069,
          -0.70710677,
          0,
          0,
          0.70710677,
          0.7071069,
          0,
          0,
          0.18993151,
          0.18993156,
          1
        ]
      },
      {
        "date" : 763329835.304003,
        "title" : "Untitled",
        "transform" : [
          1,
          0,
          0,
          0,
          0,
          0.7071069,
          -0.70710677,
          0,
          0,
          0.70710677,
          0.7071069,
          0,
          0,
          0.18912767,
          0.18912771,
          1
        ]
      }
    ],
    "57D73C7A-24B1-4504-8638-9C4B38C5D02B" : [
      {
        "date" : 764708720.470092,
        "title" : "Untitled",
        "transform" : [
          0.665837,
          5.920654e-09,
          0.74609727,
          0,
          0.49083436,
          0.7531322,
          -0.43803367,
          0,
          -0.56190985,
          0.65786916,
          0.5014633,
          0,
          -0.8241916,
          1.4709651,
          0.8648109,
          1
        ]
      },
      {
        "date" : 764708713.254274,
        "title" : "Untitled",
        "transform" : [
          0.914112,
          1.0232152e-09,
          -0.40546188,
          0,
          -0.3037225,
          0.66248196,
          -0.684741,
          0,
          0.26861122,
          0.7490779,
          0.6055828,
          0,
          0.70169055,
          2.20071,
          1.3440671,
          1
        ]
      },
      {
        "date" : 764625301.375241,
        "title" : "Untitled",
        "transform" : [
          0.914112,
          1.0232152e-09,
          -0.40546188,
          0,
          -0.30372253,
          0.662482,
          -0.6847411,
          0,
          0.26861122,
          0.7490779,
          0.6055828,
          0,
          0.74356747,
          2.84635,
          1.9930477,
          1
        ]
      },
      {
        "date" : 764625299.865856,
        "title" : "Untitled",
        "transform" : [
          1,
          0,
          0,
          0,
          0,
          0.7071069,
          -0.70710677,
          0,
          0,
          0.70710677,
          0.7071069,
          0,
          -0.00023927163,
          2.728711,
          2.3204396,
          1
        ]
      },
      {
        "date" : 764625273.018211,
        "title" : "Untitled",
        "transform" : [
          1,
          0,
          0,
          0,
          0,
          0.7071069,
          -0.70710677,
          0,
          0,
          0.70710677,
          0.7071069,
          0,
          0.0011347537,
          1.1635377,
          1.170493,
          1
        ]
      },
      {
        "date" : 764624947.22958,
        "title" : "Untitled",
        "transform" : [
          1,
          0,
          0,
          0,
          0,
          0.7071069,
          -0.70710677,
          0,
          0,
          0.70710677,
          0.7071069,
          0,
          0.0018347544,
          0.75316155,
          0.7644072,
          1
        ]
      }
    ],
    "75156143-2FEF-4740-88F4-B165507E2B4E" : [
      {
        "date" : 764624724.418449,
        "title" : "Untitled",
        "transform" : [
          -0.099845625,
          -4.007195e-08,
          -0.995003,
          0,
          -0.52122307,
          0.8518163,
          0.05230317,
          0,
          0.8475597,
          0.5238407,
          -0.08505014,
          0,
          2.9209044,
          2.8443077,
          -0.3806647,
          1
        ]
      },
      {
        "date" : 764624720.251383,
        "title" : "Untitled",
        "transform" : [
          -0.09984556,
          -5.0117734e-08,
          -0.995003,
          0,
          -0.52122307,
          0.85181624,
          0.052303277,
          0,
          0.8475597,
          0.5238407,
          -0.08505014,
          0,
          2.9209044,
          2.8443077,
          -0.3806647,
          1
        ]
      },
      {
        "date" : 764624718.605481,
        "title" : "Untitled",
        "transform" : [
          -0.09984556,
          -5.0117734e-08,
          -0.995003,
          0,
          -0.52122307,
          0.85181624,
          0.052303277,
          0,
          0.8475597,
          0.5238407,
          -0.08505014,
          0,
          2.9315155,
          2.826967,
          -0.3817295,
          1
        ]
      },
      {
        "date" : 764624713.92244,
        "title" : "Untitled",
        "transform" : [
          -0.09984556,
          -5.0117734e-08,
          -0.995003,
          0,
          -0.52122307,
          0.85181624,
          0.052303277,
          0,
          0.8475596,
          0.52384067,
          -0.085050136,
          0,
          2.9405782,
          2.812156,
          -0.38263896,
          1
        ]
      },
      {
        "date" : 764624704.498931,
        "title" : "Untitled",
        "transform" : [
          0.040978577,
          -4.889034e-08,
          0.99915993,
          0,
          0.61112934,
          0.7911337,
          -0.02506439,
          0,
          -0.7904692,
          0.61164314,
          0.032419585,
          0,
          -3.2761228,
          3.1441588,
          -0.2627538,
          1
        ]
      },
      {
        "date" : 764624687.178764,
        "title" : "Untitled",
        "transform" : [
          -0.9050397,
          -4.8972105e-08,
          0.4253273,
          0,
          0.08265509,
          0.98093575,
          0.17587873,
          0,
          -0.41721877,
          0.19433266,
          -0.8877858,
          0,
          -1.5501195,
          1.9811177,
          -3.4678798,
          1
        ]
      },
      {
        "date" : 764624680.085772,
        "title" : "Untitled",
        "transform" : [
          -0.91154754,
          -3.6379106e-08,
          0.41119483,
          0,
          0.3943993,
          0.28288418,
          0.8743145,
          0,
          -0.11632057,
          0.9591541,
          -0.25786236,
          0,
          -0.16349119,
          3.4223218,
          -0.500978,
          1
        ]
      },
      {
        "date" : 764624671.015508,
        "title" : "Untitled",
        "transform" : [
          -0.2025426,
          -3.1008145e-08,
          0.9792735,
          0,
          0.36991927,
          0.92590815,
          0.07651012,
          0,
          -0.90671724,
          0.3777487,
          -0.1875358,
          0,
          -3.026805,
          1.567295,
          -0.550201,
          1
        ]
      },
      {
        "date" : 764624667.52065,
        "title" : "Untitled",
        "transform" : [
          -0.7820383,
          -3.0072332e-08,
          0.62323046,
          0,
          0.4691015,
          0.6583712,
          0.58863497,
          0,
          -0.410317,
          0.75269336,
          -0.5148714,
          0,
          -1.4691647,
          2.8888268,
          -1.8218793,
          1
        ]
      },
      {
        "date" : 764624657.290029,
        "title" : "Untitled",
        "transform" : [
          -0.78203815,
          -3.007233e-08,
          0.6232304,
          0,
          0.4691015,
          0.6583712,
          0.58863497,
          0,
          -0.410317,
          0.75269336,
          -0.5148714,
          0,
          -3.6639762,
          6.4285684,
          -3.5237265,
          1
        ]
      }
    ],
    "81DFEA20-B07C-4543-AB79-601DDCB38494" : [
      {
        "date" : 764708690.768749,
        "title" : "Untitled",
        "transform" : [
          0.9799433,
          8.69838e-08,
          -0.19927658,
          0,
          -0.018950818,
          0.9954679,
          -0.09319026,
          0,
          0.19837344,
          0.095097646,
          0.97550213,
          0,
          5.8913116,
          5.993241,
          31.463253,
          1
        ]
      },
      {
        "date" : 764708682.827536,
        "title" : "Untitled",
        "transform" : [
          0.9799433,
          8.69838e-08,
          -0.19927658,
          0,
          -0.018950818,
          0.9954679,
          -0.09319026,
          0,
          0.19837344,
          0.095097646,
          0.97550213,
          0,
          -0.30433652,
          3.023132,
          0.9962138,
          1
        ]
      },
      {
        "date" : 764708681.138225,
        "title" : "Untitled",
        "transform" : [
          0.9799433,
          8.69838e-08,
          -0.19927658,
          0,
          -0.018950818,
          0.9954679,
          -0.09319026,
          0,
          0.1983734,
          0.09509763,
          0.975502,
          0,
          -0.2957747,
          3.0160263,
          1.0207033,
          1
        ]
      },
      {
        "date" : 764708670.478111,
        "title" : "Untitled",
        "transform" : [
          0.97958124,
          2.3743161e-05,
          -0.20104916,
          0,
          -0.0005804497,
          0.9999962,
          -0.0027100786,
          0,
          0.20104831,
          0.0027714514,
          0.9795775,
          0,
          0.5964453,
          1.6304559,
          1.2850566,
          1
        ]
      },
      {
        "date" : 764708668.413507,
        "title" : "Untitled",
        "transform" : [
          0.97958124,
          2.3743161e-05,
          -0.20104916,
          0,
          -0.0005804497,
          0.9999962,
          -0.0027100786,
          0,
          0.20104831,
          0.0027714514,
          0.9795775,
          0,
          2.6400418,
          3.4333134,
          9.630753,
          1
        ]
      },
      {
        "date" : 764708662.931889,
        "title" : "Untitled",
        "transform" : [
          0.99995285,
          2.374569e-05,
          0.009718851,
          0,
          0.0030460006,
          0.9488491,
          -0.3157152,
          0,
          -0.009229223,
          0.31572992,
          0.94880426,
          0,
          0.13504757,
          4.1439023,
          12.427553,
          1
        ]
      },
      {
        "date" : 764708661.245625,
        "title" : "Untitled",
        "transform" : [
          0.99995285,
          2.374569e-05,
          0.009718851,
          0,
          0.003046001,
          0.9488492,
          -0.31571522,
          0,
          -0.009229223,
          0.31572992,
          0.94880426,
          0,
          0.19856474,
          1.9709684,
          5.8976545,
          1
        ]
      },
      {
        "date" : 764708658.393326,
        "title" : "Untitled",
        "transform" : [
          0.99493265,
          2.3745597e-05,
          -0.10054412,
          0,
          -0.049775783,
          0.86897284,
          -0.4923502,
          0,
          0.08735841,
          0.4948599,
          0.86457056,
          0,
          0.80152255,
          3.089205,
          5.3718185,
          1
        ]
      },
      {
        "date" : 764708653.577364,
        "title" : "Untitled",
        "transform" : [
          0.9949326,
          2.3751925e-05,
          -0.10054411,
          0,
          -0.04210462,
          0.90819186,
          -0.41643107,
          0,
          0.09130344,
          0.41855425,
          0.9035907,
          0,
          0.68853897,
          0.72537106,
          2.4804952,
          1
        ]
      },
      {
        "date" : 764708646.83437,
        "title" : "Untitled",
        "transform" : [
          0.99899715,
          2.37524e-05,
          -0.04477282,
          0,
          -0.022212783,
          0.8685157,
          -0.49516374,
          0,
          0.038874134,
          0.49566174,
          0.8676452,
          0,
          0.5110283,
          3.0001624,
          5.233444,
          1
        ]
      }
    ],
    "8F5035F0-BF32-4CDD-8675-F75ED970EBCA" : [
      {
        "date" : 765832916.823266,
        "title" : "Untitled",
        "transform" : [
          -0.17330275,
          -1.9173251e-08,
          0.9848686,
          0,
          0.1602701,
          0.98667026,
          0.02820203,
          0,
          -0.97174054,
          0.16273253,
          -0.17099279,
          0,
          -6.9357934,
          1.6794033,
          0.7601781,
          1
        ]
      },
      {
        "date" : 765832899.310989,
        "title" : "Untitled",
        "transform" : [
          -0.70946985,
          -1.9591765e-08,
          0.70473576,
          0,
          0.063386224,
          0.9959469,
          0.063812084,
          0,
          -0.70187926,
          0.089943334,
          -0.7065943,
          0,
          -2.7661438,
          1.1060406,
          -2.3908672,
          1
        ]
      },
      {
        "date" : 765832887.544045,
        "title" : "Untitled",
        "transform" : [
          -0.8852576,
          -1.961321e-08,
          0.46510124,
          0,
          0.02943085,
          0.997996,
          0.056017756,
          0,
          -0.464169,
          0.06327852,
          -0.88348335,
          0,
          -0.21633479,
          0.89542127,
          -2.8717422,
          1
        ]
      },
      {
        "date" : 765832885.304161,
        "title" : "Untitled",
        "transform" : [
          -0.88559866,
          -1.9610964e-08,
          0.46445134,
          0,
          0.04500136,
          0.995295,
          0.08580705,
          0,
          -0.46226594,
          0.0968916,
          -0.8814319,
          0,
          -0.19321886,
          1.1626041,
          -2.8402157,
          1
        ]
      },
      {
        "date" : 765832879.225239,
        "title" : "Untitled",
        "transform" : [
          -0.7538257,
          -1.724104e-08,
          0.65707445,
          0,
          0.11075148,
          0.9856927,
          0.12705922,
          0,
          -0.6476733,
          0.16855249,
          -0.7430405,
          0,
          -2.1413531,
          1.7305815,
          -2.4429665,
          1
        ]
      },
      {
        "date" : 765832870.377265,
        "title" : "Untitled",
        "transform" : [
          -0.78240883,
          -1.7878275e-08,
          0.62276524,
          0,
          0.11174737,
          0.9837694,
          0.14039348,
          0,
          -0.6126573,
          0.17943749,
          -0.76970994,
          0,
          -1.7538921,
          1.8159553,
          -2.5167184,
          1
        ]
      },
      {
        "date" : 765832846.278788,
        "title" : "Untitled",
        "transform" : [
          -0.9176393,
          -1.00666515e-08,
          0.39741462,
          0,
          0.0885946,
          0.974835,
          0.20456707,
          0,
          -0.3874135,
          0.22292757,
          -0.8945469,
          0,
          0.55836535,
          2.1589963,
          -2.6089053,
          1
        ]
      },
      {
        "date" : 765832835.845877,
        "title" : "Untitled",
        "transform" : [
          -0.930581,
          1.1563316e-08,
          -0.36608663,
          0,
          -0.31959626,
          0.48770714,
          0.8124038,
          0,
          0.17854322,
          0.87300736,
          -0.45385087,
          0,
          8.3226385,
          11.645394,
          0.0959115,
          1
        ]
      },
      {
        "date" : 765832826.393135,
        "title" : "Untitled",
        "transform" : [
          -0.9966061,
          -3.7516097e-09,
          0.082319036,
          0,
          0.02469795,
          0.95393056,
          0.29900908,
          0,
          -0.07852652,
          0.30002737,
          -0.9506931,
          0,
          4.4613433,
          2.6915195,
          -8.726921,
          1
        ]
      },
      {
        "date" : 765832821.568343,
        "title" : "Untitled",
        "transform" : [
          -0.53619856,
          -3.3812217e-09,
          -0.84409195,
          0,
          -0.3354205,
          0.91765654,
          0.21307154,
          0,
          0.7745866,
          0.3973744,
          -0.49204603,
          0,
          25.034977,
          6.8637424,
          0.33247662,
          1
        ]
      }
    ],
    "934914B6-F049-446C-8817-00D10C8E6B14" : [
      {
        "date" : 765233519.916369,
        "title" : "Untitled",
        "transform" : [
          -0.36279386,
          0.00020585586,
          -0.9318694,
          0,
          -0.76126385,
          0.576684,
          0.2965014,
          0,
          0.53745514,
          0.81696725,
          -0.20906065,
          0,
          0.38595387,
          0.45476764,
          -0.12704135,
          1
        ]
      },
      {
        "date" : 765233507.125157,
        "title" : "Untitled",
        "transform" : [
          -0.36279383,
          0.00020582609,
          -0.93186945,
          0,
          -0.76126385,
          0.576684,
          0.29650134,
          0,
          0.53745526,
          0.8169673,
          -0.20906071,
          0,
          0.38595387,
          0.45476758,
          -0.12704134,
          1
        ]
      },
      {
        "date" : 765233258.341101,
        "title" : "Untitled",
        "transform" : [
          -0.3627938,
          0.0002059007,
          -0.93186945,
          0,
          -0.7612637,
          0.576684,
          0.2965013,
          0,
          0.53745526,
          0.8169672,
          -0.20906065,
          0,
          0.50529027,
          0.16537832,
          -0.1624681,
          1
        ]
      },
      {
        "date" : 765233180.741527,
        "title" : "Untitled",
        "transform" : [
          -0.3627938,
          0.0002059007,
          -0.93186945,
          0,
          -0.7612637,
          0.576684,
          0.2965013,
          0,
          0.53745526,
          0.8169672,
          -0.20906065,
          0,
          0.60530376,
          0.1981121,
          -0.19462587,
          1
        ]
      },
      {
        "date" : 765233163.007103,
        "title" : "Untitled",
        "transform" : [
          -0.45690742,
          -2.5823034e-08,
          -0.88951427,
          0,
          -0.7441274,
          0.5478833,
          0.3822281,
          0,
          0.48734993,
          0.83655477,
          -0.25033203,
          0,
          0.43616188,
          0.36119792,
          -0.21761183,
          1
        ]
      },
      {
        "date" : 765233160.27167,
        "title" : "Untitled",
        "transform" : [
          -0.5974792,
          -1.0315739e-08,
          -0.8018844,
          0,
          -0.45523226,
          0.82323337,
          0.33919084,
          0,
          0.660138,
          0.56770307,
          -0.49186492,
          0,
          0.47469392,
          0.15038706,
          -0.3465624,
          1
        ]
      },
      {
        "date" : 765232833.818068,
        "title" : "Untitled",
        "transform" : [
          -0.5974792,
          -1.0315739e-08,
          -0.8018844,
          0,
          -0.45523226,
          0.82323337,
          0.33919084,
          0,
          0.660138,
          0.56770307,
          -0.49186492,
          0,
          0.45172298,
          0.14310966,
          -0.32979187,
          1
        ]
      },
      {
        "date" : 765232830.05118,
        "title" : "Untitled",
        "transform" : [
          -0.14822486,
          -6.7764843e-09,
          -0.9889537,
          0,
          -0.6387736,
          0.76341486,
          0.09573969,
          0,
          0.754982,
          0.6459085,
          -0.11315711,
          0,
          0.535213,
          0.19731098,
          -0.074717216,
          1
        ]
      },
      {
        "date" : 765232827.911937,
        "title" : "Untitled",
        "transform" : [
          -0.063121304,
          -7.925777e-09,
          -0.99800587,
          0,
          -0.6879704,
          0.7244332,
          0.043512356,
          0,
          0.72298867,
          0.689345,
          -0.045727216,
          0,
          0.525984,
          0.22846311,
          -0.027816296,
          1
        ]
      },
      {
        "date" : 765232747.941299,
        "title" : "Untitled",
        "transform" : [
          -0.063121304,
          -7.925777e-09,
          -0.99800587,
          0,
          -0.6879704,
          0.7244332,
          0.043512356,
          0,
          0.72298867,
          0.689345,
          -0.045727216,
          0,
          0.72872883,
          0.42177334,
          -0.040639393,
          1
        ]
      }
    ],
    "A0A57898-CB18-464A-BA2C-179BBB9BF9E7" : [
      {
        "date" : 765762786.946515,
        "title" : "Untitled",
        "transform" : [
          0.025477048,
          -3.4964874e-08,
          0.99967545,
          0,
          0.7012563,
          0.7126853,
          -0.017871575,
          0,
          -0.71245396,
          0.7014839,
          0.018157244,
          0,
          -6.603152,
          5.525257,
          22.398325,
          1
        ]
      },
      {
        "date" : 765762775.180917,
        "title" : "Untitled",
        "transform" : [
          -0.053216428,
          -3.3923918e-08,
          0.9985831,
          0,
          0.20575768,
          0.9785417,
          0.0109653985,
          0,
          -0.97715497,
          0.20604952,
          -0.052074373,
          0,
          0.20826942,
          0.06759236,
          19.082575,
          1
        ]
      },
      {
        "date" : 765762707.512818,
        "title" : "Untitled",
        "transform" : [
          -0.11038279,
          -3.354751e-08,
          0.9938892,
          0,
          0.60144866,
          0.79611415,
          0.066797934,
          0,
          -0.7912493,
          0.6051465,
          -0.08787717,
          0,
          -5.916587,
          5.1007175,
          13.551007,
          1
        ]
      },
      {
        "date" : 765762692.320356,
        "title" : "Untitled",
        "transform" : [
          -0.11038279,
          -3.354751e-08,
          0.9938892,
          0,
          0.60144866,
          0.79611415,
          0.066797934,
          0,
          -0.7912493,
          0.6051465,
          -0.08787717,
          0,
          -6.5990214,
          5.622642,
          13.475215,
          1
        ]
      },
      {
        "date" : 765762685.484906,
        "title" : "Untitled",
        "transform" : [
          -0.11038279,
          -3.354751e-08,
          0.9938892,
          0,
          0.60144866,
          0.79611415,
          0.066797934,
          0,
          -0.7912493,
          0.6051465,
          -0.08787717,
          0,
          -4.64629,
          4.129194,
          13.692092,
          1
        ]
      },
      {
        "date" : 765762671.197639,
        "title" : "Untitled",
        "transform" : [
          -0.11038279,
          -3.354751e-08,
          0.9938892,
          0,
          0.60144866,
          0.79611415,
          0.066797934,
          0,
          -0.7912493,
          0.6051465,
          -0.08787717,
          0,
          -4.859009,
          4.2918625,
          13.668468,
          1
        ]
      },
      {
        "date" : 765762629.132487,
        "title" : "Untitled",
        "transform" : [
          -0.11038279,
          -3.354751e-08,
          0.9938892,
          0,
          0.60144866,
          0.79611415,
          0.066797934,
          0,
          -0.7912493,
          0.6051465,
          -0.08787717,
          0,
          -7.201333,
          6.0832705,
          13.40832,
          1
        ]
      },
      {
        "date" : 765762627.542903,
        "title" : "Untitled",
        "transform" : [
          -0.11038279,
          -3.354751e-08,
          0.9938892,
          0,
          0.60144866,
          0.79611415,
          0.066797934,
          0,
          -0.7912493,
          0.6051465,
          -0.08787717,
          0,
          -10.22968,
          8.399339,
          13.071982,
          1
        ]
      },
      {
        "date" : 765762624.550462,
        "title" : "Untitled",
        "transform" : [
          -0.11038279,
          -3.354751e-08,
          0.9938892,
          0,
          0.60144866,
          0.79611415,
          0.066797934,
          0,
          -0.7912493,
          0.6051465,
          -0.08787717,
          0,
          -6.999397,
          5.9288197,
          13.430749,
          1
        ]
      },
      {
        "date" : 765762618.528084,
        "title" : "Untitled",
        "transform" : [
          -0.11038279,
          -3.354751e-08,
          0.9938892,
          0,
          0.60144866,
          0.79611415,
          0.066797934,
          0,
          -0.79124916,
          0.60514647,
          -0.08787716,
          0,
          -3.028416,
          2.8918138,
          13.87178,
          1
        ]
      }
    ],
    "AD85A263-C1E6-4BF4-96A2-2FEB220EC964" : [
      {
        "date" : 765761145.827887,
        "title" : "Untitled",
        "transform" : [
          -0.9936347,
          -0.0029088503,
          -0.112611994,
          0,
          -0.046437968,
          0.92135143,
          0.3859471,
          0,
          0.10263259,
          0.38871977,
          -0.915622,
          0,
          0.07698375,
          3.2465684,
          52.16822,
          1
        ]
      },
      {
        "date" : 765761133.565239,
        "title" : "Untitled",
        "transform" : [
          -0.98916954,
          -0.0029088466,
          0.1467494,
          0,
          0.14250459,
          0.22047128,
          0.96492743,
          0,
          -0.035160873,
          0.9753892,
          -0.2176691,
          0,
          -1.6122289,
          10.337258,
          59.22194,
          1
        ]
      },
      {
        "date" : 765761129.833039,
        "title" : "Untitled",
        "transform" : [
          -0.99999547,
          -0.0029088412,
          -0.00080233923,
          0,
          -0.0029587322,
          0.89302564,
          0.44999596,
          0,
          -0.0005924542,
          0.4499962,
          -0.89303035,
          0,
          -0.58648646,
          1.2617677,
          54.82539,
          1
        ]
      },
      {
        "date" : 765761124.845635,
        "title" : "Untitled",
        "transform" : [
          -0.99999547,
          -0.0029088412,
          -0.00080233923,
          0,
          -0.0029587322,
          0.89302564,
          0.44999596,
          0,
          -0.0005924542,
          0.4499962,
          -0.89303035,
          0,
          -0.58660924,
          1.2669848,
          54.778248,
          1
        ]
      },
      {
        "date" : 765760955.312398,
        "title" : "Untitled",
        "transform" : [
          -0.99999547,
          -0.0029088412,
          -0.00080233923,
          0,
          -0.0029587322,
          0.89302564,
          0.44999596,
          0,
          -0.0005924542,
          0.4499962,
          -0.89303035,
          0,
          -0.6185599,
          2.4793458,
          52.621185,
          1
        ]
      },
      {
        "date" : 765760938.696232,
        "title" : "Untitled",
        "transform" : [
          -0.99999547,
          -0.0029088412,
          -0.00080233923,
          0,
          -0.0029587322,
          0.89302564,
          0.44999596,
          0,
          -0.0005924542,
          0.4499962,
          -0.89303035,
          0,
          -0.5693035,
          0.50411284,
          60.645725,
          1
        ]
      },
      {
        "date" : 765760923.231075,
        "title" : "Untitled",
        "transform" : [
          -0.99999547,
          -0.0029088412,
          -0.00080233923,
          0,
          -0.0029587322,
          0.89302564,
          0.44999596,
          0,
          -0.0005924542,
          0.4499962,
          -0.89303035,
          0,
          -0.63349146,
          1.5827512,
          55.804886,
          1
        ]
      },
      {
        "date" : 765760906.866426,
        "title" : "Untitled",
        "transform" : [
          -0.99999547,
          -0.0029088412,
          -0.00080233923,
          0,
          -0.0029587322,
          0.89302564,
          0.44999596,
          0,
          -0.0005924542,
          0.4499962,
          -0.89303035,
          0,
          -0.6059495,
          1.0447772,
          56.727894,
          1
        ]
      },
      {
        "date" : 765760902.891491,
        "title" : "Untitled",
        "transform" : [
          -0.99999547,
          -0.0029088412,
