{
  "advancedEditorSelectedIdentifier" : "ProjectBrowser",
  "openSceneRelativePaths" : [
    "Immersive.usda",
    "Esme\/skyboxTesting.usda",
    "Esme\/bison attractive assests\/bisonAttractiveBasketGrp.usda",
    "Esme\/carseats.usda",
    "Esme\/SKYBOX.usd"
  ],
  "recentIdentifiers" : {
    "1D572CEB-057A-41C3-B575-04C37501A3C0" : [

    ],
    "57D73C7A-24B1-4504-8638-9C4B38C5D02B" : [

    ],
    "B5C81A91-EC27-4A48-AAE0-183397FE04F7" : [

    ],
    "C868B84E-7ACD-463D-A3CF-0D5D0F822C78" : [

    ]
  },
  "sceneCameraHistory" : {
    "1D572CEB-057A-41C3-B575-04C37501A3C0" : [
      {
        "date" : 764622894.841842,
        "title" : "Untitled",
        "transform" : [
          0.9997167,
          -7.9995477e-10,
          -0.02380162,
          0,
          -0.016540252,
          0.7190858,
          -0.69472444,
          0,
          0.017115407,
          0.6949213,
          0.7188821,
          0,
          -0.004787326,
          2.3013783,
          2.9435794,
          1
        ]
      },
      {
        "date" : 762228929.390124,
        "title" : "Untitled",
        "transform" : [
          0.9997167,
          -7.9995477e-10,
          -0.02380162,
          0,
          -0.016540252,
          0.7190858,
          -0.69472444,
          0,
          0.017115407,
          0.6949213,
          0.7188821,
          0,
          -0.033294827,
          1.1439136,
          1.7462054,
          1
        ]
      },
      {
        "date" : 762228922.4914,
        "title" : "Untitled",
        "transform" : [
          0.9997167,
          -7.9995477e-10,
          -0.02380162,
          0,
          -0.016540252,
          0.7190858,
          -0.69472444,
          0,
          0.017115407,
          0.6949213,
          0.7188821,
          0,
          -0.04259999,
          1.185427,
          1.7062973,
          1
        ]
      },
      {
        "date" : 762228919.22491,
        "title" : "Untitled",
        "transform" : [
          0.9997167,
          -7.9995477e-10,
          -0.02380162,
          0,
          -0.016540252,
          0.7190858,
          -0.69472444,
          0,
          0.017115407,
          0.6949213,
          0.7188821,
          0,
          0.0073585217,
          1.4353276,
          1.5983746,
          1
        ]
      },
      {
        "date" : 762228882.872298,
        "title" : "Untitled",
        "transform" : [
          0.9997167,
          -7.9995477e-10,
          -0.02380162,
          0,
          -0.016540252,
          0.7190858,
          -0.69472444,
          0,
          0.017115407,
          0.6949213,
          0.7188821,
          0,
          0.015982028,
          3.117399,
          3.4715216,
          1
        ]
      },
      {
        "date" : 762228847.05697,
        "title" : "Untitled",
        "transform" : [
          0.9997167,
          -7.9995477e-10,
          -0.02380162,
          0,
          -0.016540252,
          0.7190858,
          -0.69472444,
          0,
          0.017115407,
          0.6949213,
          0.7188821,
          0,
          0.029782578,
          0.4259534,
          0.7017433,
          1
        ]
      },
      {
        "date" : 762228845.553188,
        "title" : "Untitled",
        "transform" : [
          0.9997167,
          -7.9995477e-10,
          -0.02380162,
          0,
          -0.016540252,
          0.7190858,
          -0.69472444,
          0,
          0.017115407,
          0.6949213,
          0.7188821,
          0,
          0.025660861,
          0.23278274,
          0.51547,
          1
        ]
      },
      {
        "date" : 762228841.349963,
        "title" : "Untitled",
        "transform" : [
          0.9997167,
          -7.9995477e-10,
          -0.02380162,
          0,
          -0.016540252,
          0.7190858,
          -0.69472444,
          0,
          0.017115407,
          0.6949213,
          0.7188821,
          0,
          0.021217892,
          0.02455632,
          0.31467852,
          1
        ]
      },
      {
        "date" : 762228739.98678,
        "title" : "Untitled",
        "transform" : [
          0.9997167,
          -7.9995477e-10,
          -0.02380162,
          0,
          -0.016540252,
          0.7190858,
          -0.69472444,
          0,
          0.017115407,
          0.6949213,
          0.7188821,
          0,
          0.02192296,
          0.057599977,
          0.34654212,
          1
        ]
      },
      {
        "date" : 762228569.205456,
        "title" : "Untitled",
        "transform" : [
          0.9997167,
          -7.9995477e-10,
          -0.02380162,
          0,
          -0.016540252,
          0.7190858,
          -0.69472444,
          0,
          0.017115407,
          0.6949213,
          0.7188821,
          0,
          0.034423225,
          0.25436884,
          0.4029134,
          1
        ]
      }
    ],
    "3BE3E1C2-6FEB-419D-ABD1-5AEAD892E733" : [
      {
        "date" : 764622090.418592,
        "title" : "Untitled",
        "transform" : [
          1,
          0,
          0,
          0,
          0,
          0.7071069,
          -0.7071067,
          0,
          0,
          0.7071067,
          0.7071069,
          0,
          -0.012914811,
          11.823879,
          16.465755,
          1
        ]
      },
      {
        "date" : 764284541.410653,
        "title" : "Untitled",
        "transform" : [
          1,
          0,
          -0,
          0,
          -0,
          0.7071069,
          -0.7071067,
          0,
          0,
          0.7071067,
          0.7071069,
          0,
          -0.0034800768,
          3.1645212,
          4.4369283,
          1
        ]
      },
      {
        "date" : 764283360.000865,
        "title" : "Untitled",
        "transform" : [
          1,
          0,
          0,
          0,
          0,
          0.7071069,
          -0.70710677,
          0,
          0,
          0.70710677,
          0.7071069,
          0,
          0,
          5.076763,
          5.0148573,
          1
        ]
      },
      {
        "date" : 764283349.133381,
        "title" : "Untitled",
        "transform" : [
          1,
          0,
          0,
          0,
          0,
          0.7071069,
          -0.70710677,
          0,
          0,
          0.70710677,
          0.7071069,
          0,
          0,
          1.6203476,
          1.6203481,
          1
        ]
      },
      {
        "date" : 763329837.403672,
        "title" : "Untitled",
        "transform" : [
          1,
          0,
          0,
          0,
          0,
          0.7071069,
          -0.70710677,
          0,
          0,
          0.70710677,
          0.7071069,
          0,
          0,
          0.18993151,
          0.18993156,
          1
        ]
      },
      {
        "date" : 763329835.304003,
        "title" : "Untitled",
        "transform" : [
          1,
          0,
          0,
          0,
          0,
          0.7071069,
          -0.70710677,
          0,
          0,
          0.70710677,
          0.7071069,
          0,
          0,
          0.18912767,
          0.18912771,
          1
        ]
      }
    ],
    "57D73C7A-24B1-4504-8638-9C4B38C5D02B" : [
      {
        "date" : 764708720.470092,
        "title" : "Untitled",
        "transform" : [
          0.665837,
          5.920654e-09,
          0.74609727,
          0,
          0.49083436,
          0.7531322,
          -0.43803367,
          0,
          -0.56190985,
          0.65786916,
          0.5014633,
          0,
          -0.8241916,
          1.4709651,
          0.8648109,
          1
        ]
      },
      {
        "date" : 764708713.254274,
        "title" : "Untitled",
        "transform" : [
          0.914112,
          1.0232152e-09,
          -0.40546188,
          0,
          -0.3037225,
          0.66248196,
          -0.684741,
          0,
          0.26861122,
          0.7490779,
          0.6055828,
          0,
          0.70169055,
          2.20071,
          1.3440671,
          1
        ]
      },
      {
        "date" : 764625301.375241,
        "title" : "Untitled",
        "transform" : [
          0.914112,
          1.0232152e-09,
          -0.40546188,
          0,
          -0.30372253,
          0.662482,
          -0.6847411,
          0,
          0.26861122,
          0.7490779,
          0.6055828,
          0,
          0.74356747,
          2.84635,
          1.9930477,
          1
        ]
      },
      {
        "date" : 764625299.865856,
        "title" : "Untitled",
        "transform" : [
          1,
          0,
          0,
          0,
          0,
          0.7071069,
          -0.70710677,
          0,
          0,
          0.70710677,
          0.7071069,
          0,
          -0.00023927163,
          2.728711,
          2.3204396,
          1
        ]
      },
      {
        "date" : 764625273.018211,
        "title" : "Untitled",
        "transform" : [
          1,
          0,
          0,
          0,
          0,
          0.7071069,
          -0.70710677,
          0,
          0,
          0.70710677,
          0.7071069,
          0,
          0.0011347537,
          1.1635377,
          1.170493,
          1
        ]
      },
      {
        "date" : 764624947.22958,
        "title" : "Untitled",
        "transform" : [
          1,
          0,
          0,
          0,
          0,
          0.7071069,
          -0.70710677,
          0,
          0,
          0.70710677,
          0.7071069,
          0,
          0.0018347544,
          0.75316155,
          0.7644072,
          1
        ]
      }
    ],
    "75156143-2FEF-4740-88F4-B165507E2B4E" : [
      {
        "date" : 764624724.418449,
        "title" : "Untitled",
        "transform" : [
          -0.099845625,
          -4.007195e-08,
          -0.995003,
          0,
          -0.52122307,
          0.8518163,
          0.05230317,
          0,
          0.8475597,
          0.5238407,
          -0.08505014,
          0,
          2.9209044,
          2.8443077,
          -0.3806647,
          1
        ]
      },
      {
        "date" : 764624720.251383,
        "title" : "Untitled",
        "transform" : [
          -0.09984556,
          -5.0117734e-08,
          -0.995003,
          0,
          -0.52122307,
          0.85181624,
          0.052303277,
          0,
          0.8475597,
          0.5238407,
          -0.08505014,
          0,
          2.9209044,
          2.8443077,
          -0.3806647,
          1
        ]
      },
      {
        "date" : 764624718.605481,
        "title" : "Untitled",
        "transform" : [
          -0.09984556,
          -5.0117734e-08,
          -0.995003,
          0,
          -0.52122307,
          0.85181624,
          0.052303277,
          0,
          0.8475597,
          0.5238407,
          -0.08505014,
          0,
          2.9315155,
          2.826967,
          -0.3817295,
          1
        ]
      },
      {
        "date" : 764624713.92244,
        "title" : "Untitled",
        "transform" : [
          -0.09984556,
          -5.0117734e-08,
          -0.995003,
          0,
          -0.52122307,
          0.85181624,
          0.052303277,
          0,
          0.8475596,
          0.52384067,
          -0.085050136,
          0,
          2.9405782,
          2.812156,
          -0.38263896,
          1
        ]
      },
      {
        "date" : 764624704.498931,
        "title" : "Untitled",
        "transform" : [
          0.040978577,
          -4.889034e-08,
          0.99915993,
          0,
          0.61112934,
          0.7911337,
          -0.02506439,
          0,
          -0.7904692,
          0.61164314,
          0.032419585,
          0,
          -3.2761228,
          3.1441588,
          -0.2627538,
          1
        ]
      },
      {
        "date" : 764624687.178764,
        "title" : "Untitled",
        "transform" : [
          -0.9050397,
          -4.8972105e-08,
          0.4253273,
          0,
          0.08265509,
          0.98093575,
          0.17587873,
          0,
          -0.41721877,
          0.19433266,
          -0.8877858,
          0,
          -1.5501195,
          1.9811177,
          -3.4678798,
          1
        ]
      },
      {
        "date" : 764624680.085772,
        "title" : "Untitled",
        "transform" : [
          -0.91154754,
          -3.6379106e-08,
          0.41119483,
          0,
          0.3943993,
          0.28288418,
          0.8743145,
          0,
          -0.11632057,
          0.9591541,
          -0.25786236,
          0,
          -0.16349119,
          3.4223218,
          -0.500978,
          1
        ]
      },
      {
        "date" : 764624671.015508,
        "title" : "Untitled",
        "transform" : [
          -0.2025426,
          -3.1008145e-08,
          0.9792735,
          0,
          0.36991927,
          0.92590815,
          0.07651012,
          0,
          -0.90671724,
          0.3777487,
          -0.1875358,
          0,
          -3.026805,
          1.567295,
          -0.550201,
          1
        ]
      },
      {
        "date" : 764624667.52065,
        "title" : "Untitled",
        "transform" : [
          -0.7820383,
          -3.0072332e-08,
          0.62323046,
          0,
          0.4691015,
          0.6583712,
          0.58863497,
          0,
          -0.410317,
          0.75269336,
          -0.5148714,
          0,
          -1.4691647,
          2.8888268,
          -1.8218793,
          1
        ]
      },
      {
        "date" : 764624657.290029,
        "title" : "Untitled",
        "transform" : [
          -0.78203815,
          -3.007233e-08,
          0.6232304,
          0,
          0.4691015,
          0.6583712,
          0.58863497,
          0,
          -0.410317,
          0.75269336,
          -0.5148714,
          0,
          -3.6639762,
          6.4285684,
          -3.5237265,
          1
        ]
      }
    ],
    "81DFEA20-B07C-4543-AB79-601DDCB38494" : [
      {
        "date" : 764708690.768749,
        "title" : "Untitled",
        "transform" : [
          0.9799433,
          8.69838e-08,
          -0.19927658,
          0,
          -0.018950818,
          0.9954679,
          -0.09319026,
          0,
          0.19837344,
          0.095097646,
          0.97550213,
          0,
          5.8913116,
          5.993241,
          31.463253,
          1
        ]
      },
      {
        "date" : 764708682.827536,
        "title" : "Untitled",
        "transform" : [
          0.9799433,
          8.69838e-08,
          -0.19927658,
          0,
          -0.018950818,
          0.9954679,
          -0.09319026,
          0,
          0.19837344,
          0.095097646,
          0.97550213,
          0,
          -0.30433652,
          3.023132,
          0.9962138,
          1
        ]
      },
      {
        "date" : 764708681.138225,
        "title" : "Untitled",
        "transform" : [
          0.9799433,
          8.69838e-08,
          -0.19927658,
          0,
          -0.018950818,
          0.9954679,
          -0.09319026,
          0,
          0.1983734,
          0.09509763,
          0.975502,
          0,
          -0.2957747,
          3.0160263,
          1.0207033,
          1
        ]
      },
      {
        "date" : 764708670.478111,
        "title" : "Untitled",
        "transform" : [
          0.97958124,
          2.3743161e-05,
          -0.20104916,
          0,
          -0.0005804497,
          0.9999962,
          -0.0027100786,
          0,
          0.20104831,
          0.0027714514,
          0.9795775,
          0,
          0.5964453,
          1.6304559,
          1.2850566,
          1
        ]
      },
      {
        "date" : 764708668.413507,
        "title" : "Untitled",
        "transform" : [
          0.97958124,
          2.3743161e-05,
          -0.20104916,
          0,
          -0.0005804497,
          0.9999962,
          -0.0027100786,
          0,
          0.20104831,
          0.0027714514,
          0.9795775,
          0,
          2.6400418,
          3.4333134,
          9.630753,
          1
        ]
      },
      {
        "date" : 764708662.931889,
        "title" : "Untitled",
        "transform" : [
          0.99995285,
          2.374569e-05,
          0.009718851,
          0,
          0.0030460006,
          0.9488491,
          -0.3157152,
          0,
          -0.009229223,
          0.31572992,
          0.94880426,
          0,
          0.13504757,
          4.1439023,
          12.427553,
          1
        ]
      },
      {
        "date" : 764708661.245625,
        "title" : "Untitled",
        "transform" : [
          0.99995285,
          2.374569e-05,
          0.009718851,
          0,
          0.003046001,
          0.9488492,
          -0.31571522,
          0,
          -0.009229223,
          0.31572992,
          0.94880426,
          0,
          0.19856474,
          1.9709684,
          5.8976545,
          1
        ]
      },
      {
        "date" : 764708658.393326,
        "title" : "Untitled",
        "transform" : [
          0.99493265,
          2.3745597e-05,
          -0.10054412,
          0,
          -0.049775783,
          0.86897284,
          -0.4923502,
          0,
          0.08735841,
          0.4948599,
          0.86457056,
          0,
          0.80152255,
          3.089205,
          5.3718185,
          1
        ]
      },
      {
        "date" : 764708653.577364,
        "title" : "Untitled",
        "transform" : [
          0.9949326,
          2.3751925e-05,
          -0.10054411,
          0,
          -0.04210462,
          0.90819186,
          -0.41643107,
          0,
          0.09130344,
          0.41855425,
          0.9035907,
          0,
          0.68853897,
          0.72537106,
          2.4804952,
          1
        ]
      },
      {
        "date" : 764708646.83437,
        "title" : "Untitled",
        "transform" : [
          0.99899715,
          2.37524e-05,
          -0.04477282,
          0,
          -0.022212783,
          0.8685157,
          -0.49516374,
          0,
          0.038874134,
          0.49566174,
          0.8676452,
          0,
          0.5110283,
          3.0001624,
          5.233444,
          1
        ]
      }
    ],
    "B5C81A91-EC27-4A48-AAE0-183397FE04F7" : [
      {
        "date" : 764708727.53332,
        "title" : "Untitled",
        "transform" : [
          -0.12490201,
          -5.827787e-07,
          -0.992169,
          0,
          -0.031649385,
          0.9994911,
          0.003983717,
          0,
          0.9916641,
          0.0318992,
          -0.124838844,
          0,
          0.04778375,
          0.019333187,
          -0.15442875,
          1
        ]
      },
      {
        "date" : 764625442.707242,
        "title" : "Untitled",
        "transform" : [
          -0.12490201,
          -5.827787e-07,
          -0.992169,
          0,
          -0.031649385,
          0.9994911,
          0.003983717,
          0,
          0.9916641,
          0.0318992,
          -0.124838844,
          0,
          0.046808966,
          0.020978777,
          -0.16555835,
          1
        ]
      },
      {
        "date" : 764625439.987543,
        "title" : "Untitled",
        "transform" : [
          -0.12490201,
          -5.827787e-07,
          -0.992169,
          0,
          -0.031649385,
          0.9994911,
          0.003983717,
          0,
          0.9916641,
          0.0318992,
          -0.124838844,
          0,
          0.04270605,
          0.027905162,
          -0.21240339,
          1
        ]
      },
      {
        "date" : 764625418.220073,
        "title" : "Untitled",
        "transform" : [
          -0.12490201,
          -5.827787e-07,
          -0.992169,
          0,
          -0.031649385,
          0.9994911,
          0.003983717,
          0,
          0.991664,
          0.031899195,
          -0.12483883,
          0,
          0.058082964,
          0.0019464217,
          -0.036837563,
          1
        ]
      },
      {
        "date" : 764625399.946583,
        "title" : "Untitled",
        "transform" : [
          -0.5960188,
          -5.8259076e-07,
          -0.80297047,
          0,
          -0.16738579,
          0.9780314,
          0.12424435,
          0,
          0.78532994,
          0.20845787,
          -0.58292544,
          0,
          0.045845512,
          0.012813247,
          -0.06505075,
          1
        ]
      },
      {
        "date" : 764625378.778264,
        "title" : "Untitled",
        "transform" : [
          0.5781635,
          -6.0165104e-07,
          0.8159209,
          0,
          0.3196627,
          0.92005837,
          -0.22651307,
          0,
          -0.75069463,
          0.39178118,
          0.5319446,
          0,
          -6.378142e-07,
          3.9085063e-07,
          8.93207e-07,
          1
        ]
      },
      {
        "date" : 764625373.006058,
        "title" : "Untitled",
        "transform" : [
          0.5722397,
          -6.047199e-07,
          0.82008636,
          0,
          0.109659635,
          0.99101955,
          -0.07651753,
          0,
          -0.81272155,
          0.13371682,
          0.56710094,
          0,
          -8.6474097e-07,
          1.2602928e-07,
          1.1466353e-06,
          1
        ]
      },
      {
        "date" : 764625350.170834,
        "title" : "Untitled",
        "transform" : [
          0.5722397,
          -6.047199e-07,
          0.82008636,
          0,
          0.109659635,
          0.99101955,
          -0.07651753,
          0,
          -0.81272155,
          0.13371682,
          0.56710094,
          0,
          -0.8074826,
          0.29304683,
          0.7792262,
          1
        ]
      },
      {
        "date" : 764623725.577829,
        "title" : "Untitled",
        "transform" : [
          0.5722397,
          -6.047199e-07,
          0.82008636,
          0,
          0.109659635,
          0.99101955,
          -0.07651753,
          0,
          -0.81272155,
          0.13371682,
          0.56710094,
          0,
          -1.8943806,
          2.055478,
          2.0959604,
          1
        ]
      },
      {
        "date" : 764623611.912319,
        "title" : "Untitled",
        "transform" : [
          0.5722397,
          -6.047199e-07,
          0.82008636,
          0,
          0.109659635,
          0.99101955,
          -0.07651753,
          0,
          -0.81272155,
          0.13371682,
          0.56710094,
          0,
          -1.8859168,
          2.0540855,
          2.0900545,
          1
        ]
      }
    ],
    "C868B84E-7ACD-463D-A3CF-0D5D0F822C78" : [
      {
        "date" : 764622882.251459,
        "title" : "Untitled",
        "transform" : [
          0.90907425,
          0.00020298587,
          -0.41663444,
          0,
          -0.13649508,
          0.94495684,
          -0.29736456,
          0,
          0.39364114,
          0.3271947,
          0.8590636,
          0,
          1.3773465,
          1.7851657,
          1.9155909,
          1
        ]
      },
      {
        "date" : 764622876.986755,
        "title" : "Untitled",
        "transform" : [
          0.7190209,
          0.00020299215,
          -0.6949885,
          0,
          -0.6456204,
          0.3703611,
          -0.6678375,
          0,
          0.25726125,
          0.9288877,
          0.26642865,
          0,
          0.52747345,
          2.5246766,
          0.18797408,
          1
        ]
      },
      {
        "date" : 764622874.988484,
        "title" : "Untitled",
        "transform" : [
          0.7190209,
          0.00020299215,
          -0.6949885,
          0,
          -0.6456204,
          0.3703611,
          -0.6678375,
          0,
          0.25726125,
          0.9288877,
          0.26642865,
          0,
          0.455952,
          3.413626,
          0.17019114,
          1
        ]
      },
      {
        "date" : 764622870.619283,
        "title" : "Untitled",
        "transform" : [
          0.7190209,
          0.00020299215,
          -0.6949885,
          0,
          -0.6456204,
          0.3703611,
          -0.6678375,
          0,
          0.25726125,
          0.9288877,
          0.26642865,
          0,
          1.9174658,
          8.690691,
          1.6837865,
          1
        ]
      },
      {
        "date" : 764622868.688056,
        "title" : "Untitled",
        "transform" : [
          0.9716143,
          0.00020296361,
          0.23657046,
          0,
          -0.06557956,
          0.9610403,
          0.26851618,
          0,
          -0.22729927,
          -0.2764086,
          0.9337737,
          0,
          -1.5786582,
          -1.2794087,
          9.092674,
          1
        ]
      },
      {
        "date" : 764622860.885243,
        "title" : "Untitled",
        "transform" : [
          0.9716143,
          0.00020296361,
          0.23657046,
          0,
          -0.06557956,
          0.9610403,
          0.26851618,
          0,
          -0.22729927,
          -0.2764086,
          0.9337737,
          0,
          -0.43115628,
          2.2093213,
          10.404707,
          1
        ]
      },
      {
        "date" : 764622848.33643,
        "title" : "Untitled",
        "transform" : [
          0.9716144,
          0.00020296364,
          0.23657049,
          0,
          -0.06557956,
          0.9610403,
          0.26851618,
          0,
          -0.2272993,
          -0.27640864,
          0.9337738,
          0,
          0.20262456,
          1.0040542,
          4.858651,
          1
        ]
      },
      {
        "date" : 764622846.115422,
        "title" : "Untitled",
        "transform" : [
          0.99172825,
          0.00020295115,
          0.12835516,
          0,
          0.11230528,
          0.48282933,
          -0.86848336,
          0,
          -0.062149998,
          0.87571436,
          0.47881296,
          0,
          1.2992561,
          4.721789,
          0.35768634,
          1
        ]
      },
      {
        "date" : 764622268.783219,
        "title" : "Untitled",
        "transform" : [
          0.99172825,
          0.00020295115,
          0.12835516,
          0,
          0.11230528,
          0.48282933,
          -0.86848336,
          0,
          -0.062149998,
          0.87571436,
          0.47881296,
          0,
          0.88015676,
          1.2418382,
          0.26983064,
          1
        ]
      },
      {
        "date" : 764622266.188712,
        "title" : "Untitled",
        "transform" : [
          0.99172825,
          0.00020295115,
          0.12835516,
          0,
          0.11230528,
          0.48282933,
          -0.86848336,
          0,
          -0.062149998,
          0.87571436,
          0.47881296,
          0,
          0.8732235,
          1.3395311,
          0.32324603,
          1
        ]
      }
    ],
    "D340353D-DAF6-4F0F-9A53-97BB1DA56844" : [
      {
        "date" : 764718619.578002,
        "title" : "Untitled",
        "transform" : [
          -0.4075749,
          1.7038103e-09,
          0.9131718,
          0,
          0.414242,
          0.8911902,
          0.18488812,
          0,
          -0.81380975,
          0.4536299,
          -0.36322674,
          0,
          -0.029301299,
          0.016332991,
          -0.013078015,
          1
        ]
      },
      {
        "date" : 764718531.369702,
        "title" : "Untitled",
        "transform" : [
          -0.4075749,
          1.7038103e-09,
          0.9131718,
          0,
          0.414242,
          0.8911902,
          0.18488812,
          0,
          -0.81380975,
          0.4536299,
          -0.36322674,
          0,
          -0.013876013,
          0.007734702,
          -0.0061932653,
          1
        ]
      },
      {
        "date" : 764718526.389171,
        "title" : "Untitled",
        "transform" : [
          -0.4075749,
          1.7038103e-09,
          0.9131718,
          0,
          0.414242,
          0.8911902,
          0.18488812,
          0,
          -0.81380975,
          0.4536299,
          -0.36322674,
          0,
          -0.002724438,
          0.0015186431,
          -0.001215995,
          1
        ]
      },
      {
        "date" : 764718501.134186,
        "title" : "Untitled",
        "transform" : [
          1,
          0,
          0,
          0,
          0,
          0.7071069,
          -0.70710677,
          0,
          0,
          0.70710677,
          0.7071069,
          0,
          0,
          0.0023672222,
          0.0023672224,
          1
        ]
      },
      {
        "date" : 764718434.823781,
        "title" : "Untitled",
        "transform" : [
          1,
          0,
          0,
          0,
          0,
          0.7071069,
          -0.70710677,
          0,
          0,
          0.70710677,
          0.7071069,
          0,
          0,
          0.107730836,
          0.10773086,
          1
        ]
      },
      {
        "date" : 764718433.355967,
        "title" : "Untitled",
        "transform" : [
          1,
          0,
          0,
          0,
          0,
          0.7071069,
          -0.70710677,
          0,
          0,
          0.70710677,
          0.7071069,
          0,
          0,
          0.11071919,
          0.11071921,
          1
        ]
      }
    ],
    "FE414AD3-70DF-4564-A22E-60EC3ABF7F9C" : [
      {
        "date" : 762229077.215485,
        "title" : "Untitled",
        "transform" : [
          1,
          0,
          0,
          0,
          0,
          0.7071069,
          -0.70710677,
          0,
          0,
          0.70710677,
          0.7071069,
          0,
          0.00981867,
          0.3255063,
          0.45399398,
          1
        ]
      },
      {
        "date" : 762229068.007258,
        "title" : "Untitled",
        "transform" : [
          1,
          0,
          0,
          0,
          0,
          0.7071069,
          -0.70710677,
          0,
          0,
          0.70710677,
          0.7071069,
          0,
          0.008270457,
          0.3931958,
          0.4162929,
          1
        ]
      },
      {
        "date" : 762229009.28801,
        "title" : "Untitled",
        "transform" : [
          1,
          0,
          0,
          0,
          0,
          0.7071069,
          -0.70710677,
          0,
          0,
          0.70710677,
          0.7071069,
          0,
          0.008270457,
          0.5781575,
          0.6012545,
          1
        ]
      },
      {
        "date" : 762229005.662394,
        "title" : "Untitled",
        "transform" : [
          1,
          0,
          0,
          0,
          0,
          0.7071069,
          -0.70710677,
          0,
          0,
          0.70710677,
          0.7071069,
          0,
          0.07194738,
          0.41296506,
          0.766447,
          1
        ]
      },
      {
        "date" : 762228957.262149,
        "title" : "Untitled",
        "transform" : [
          1,
          0,
          0,
          0,
          0,
          0.7071069,
          -0.70710677,
          0,
          0,
          0.70710677,
          0.7071069,
          0,
          0.07194738,
          0.8720642,
          1.2255462,
          1
        ]
      }
    ]
  },
  "sceneViewportBackgroundColors" : {

  },
  "selectedSceneRelativePath" : "Esme\/SKYBOX.usd"
}