{
  "advancedEditorSelectedIdentifier" : "ProjectBrowser",
  "openSceneRelativePaths" : [
    "Immersive.usda"
  ],
  "recentIdentifiers" : {
    "1D572CEB-057A-41C3-B575-04C37501A3C0" : [

    ]
  },
  "sceneCameraHistory" : {
    "1D572CEB-057A-41C3-B575-04C37501A3C0" : [
      {
        "date" : 765241684.443095,
        "title" : "Untitled",
        "transform" : [
          -0.40978676,
          3.7413102e-08,
          -0.9121814,
          0,
          -0.52190983,
          0.820145,
          0.23446187,
          0,
          0.7481209,
          0.5721558,
          -0.33608449,
          0,
          51.141888,
          33.725266,
          -17.95913,
          1
        ]
      },
      {
        "date" : 765241680.654342,
        "title" : "Untitled",
        "transform" : [
          -0.40978676,
          3.7413102e-08,
          -0.9121814,
          0,
          -0.52190983,
          0.820145,
          0.23446187,
          0,
          0.7481209,
          0.5721558,
          -0.33608449,
          0,
          2794.077,
          1822.424,
          -989.8344,
          1
        ]
      },
      {
        "date" : 765241649.11282,
        "title" : "Untitled",
        "transform" : [
          -0.40978682,
          -2.1954856e-09,
          -0.9121813,
          0,
          -0.52190983,
          0.820145,
          0.23446187,
          0,
          0.748121,
          0.5721557,
          -0.33608443,
          0,
          0.5537932,
          0.75726265,
          -0.029247835,
          1
        ]
      },
      {
        "date" : 765241646.825117,
        "title" : "Untitled",
        "transform" : [
          -0.9962657,
          -2.174662e-09,
          -0.086340435,
          0,
          -0.05413063,
          0.77906424,
          0.6246029,
          0,
          0.06726492,
          0.62694407,
          -0.77615494,
          0,
          0.20073979,
          0.7900861,
          -0.37011954,
          1
        ]
      },
      {
        "date" : 765241531.142923,
        "title" : "Untitled",
        "transform" : [
          -0.9962657,
          -2.174662e-09,
          -0.086340435,
          0,
          -0.05413063,
          0.77906424,
          0.6246029,
          0,
          0.06726492,
          0.62694407,
          -0.77615494,
          0,
          0.46082887,
          1.0454984,
          -1.3891559,
          1
        ]
      },
      {
        "date" : 765241350.576253,
        "title" : "Untitled",
        "transform" : [
          -0.9962657,
          -2.174662e-09,
          -0.086340435,
          0,
          -0.05413063,
          0.77906424,
          0.6246029,
          0,
          0.06726492,
          0.62694407,
          -0.77615494,
          0,
          0.44088954,
          1.0364277,
          -1.363823,
          1
        ]
      },
      {
        "date" : 765234337.052152,
        "title" : "Untitled",
        "transform" : [
          -0.9962657,
          -2.174662e-09,
          -0.086340435,
          0,
          -0.05413063,
          0.77906424,
          0.6246029,
          0,
          0.06726492,
          0.62694407,
          -0.77615494,
          0,
          0.44512692,
          1.0759225,
          -1.4127175,
          1
        ]
      },
      {
        "date" : 765234317.182298,
        "title" : "Untitled",
        "transform" : [
          -0.9168718,
          3.0824583e-09,
          0.399182,
          0,
          0.39893878,
          0.034899533,
          0.9163132,
          0,
          -0.013931111,
          0.99939084,
          -0.031998508,
          0,
          0.13373826,
          0.9888728,
          -0.07519574,
          1
        ]
      },
      {
        "date" : 765234315.499714,
        "title" : "Untitled",
        "transform" : [
          -0.9168718,
          3.0824583e-09,
          0.399182,
          0,
          0.39893878,
          0.034899533,
          0.9163132,
          0,
          -0.013931111,
          0.99939084,
          -0.031998508,
          0,
          0.1351268,
          0.9698213,
          -0.06726791,
          1
        ]
      },
      {
        "date" : 765234311.117022,
        "title" : "Untitled",
        "transform" : [
          -0.998348,
          -1.715193e-08,
          0.057458114,
          0,
          0.028800491,
          0.86530584,
          0.50041646,
          0,
          -0.049718622,
          0.5012445,
          -0.8638762,
          0,
          0.19973008,
          0.73174274,
          -0.88361734,
          1
        ]
      }
    ]
  },
  "sceneViewportBackgroundColors" : {

  },
  "selectedSceneRelativePath" : "Immersive.usda"
}