{
  "advancedEditorSelectedIdentifier" : "ProjectBrowser",
  "openSceneRelativePaths" : [
    "Immersive.usda",
    "Esme\/Untitled Scene.usda"
  ],
  "recentIdentifiers" : {
    "1D572CEB-057A-41C3-B575-04C37501A3C0" : [

    ],
    "57D73C7A-24B1-4504-8638-9C4B38C5D02B" : [

    ],
    "B5C81A91-EC27-4A48-AAE0-183397FE04F7" : [

    ],
    "C868B84E-7ACD-463D-A3CF-0D5D0F822C78" : [

    ]
  },
  "sceneCameraHistory" : {
    "1D572CEB-057A-41C3-B575-04C37501A3C0" : [
      {
        "date" : 764622894.841842,
        "title" : "Untitled",
        "transform" : [
          0.9997167,
          -7.9995477e-10,
          -0.02380162,
          0,
          -0.016540252,
          0.7190858,
          -0.69472444,
          0,
          0.017115407,
          0.6949213,
          0.7188821,
          0,
          -0.004787326,
          2.3013783,
          2.9435794,
          1
        ]
      },
      {
        "date" : 762228929.390124,
        "title" : "Untitled",
        "transform" : [
          0.9997167,
          -7.9995477e-10,
          -0.02380162,
          0,
          -0.016540252,
          0.7190858,
          -0.69472444,
          0,
          0.017115407,
          0.6949213,
          0.7188821,
          0,
          -0.033294827,
          1.1439136,
          1.7462054,
          1
        ]
      },
      {
        "date" : 762228922.4914,
        "title" : "Untitled",
        "transform" : [
          0.9997167,
          -7.9995477e-10,
          -0.02380162,
          0,
          -0.016540252,
          0.7190858,
          -0.69472444,
          0,
          0.017115407,
          0.6949213,
          0.7188821,
          0,
          -0.04259999,
          1.185427,
          1.7062973,
          1
        ]
      },
      {
        "date" : 762228919.22491,
        "title" : "Untitled",
        "transform" : [
          0.9997167,
          -7.9995477e-10,
          -0.02380162,
          0,
          -0.016540252,
          0.7190858,
          -0.69472444,
          0,
          0.017115407,
          0.6949213,
          0.7188821,
          0,
          0.0073585217,
          1.4353276,
          1.5983746,
          1
        ]
      },
      {
        "date" : 762228882.872298,
        "title" : "Untitled",
        "transform" : [
          0.9997167,
          -7.9995477e-10,
          -0.02380162,
          0,
          -0.016540252,
          0.7190858,
          -0.69472444,
          0,
          0.017115407,
          0.6949213,
          0.7188821,
          0,
          0.015982028,
          3.117399,
          3.4715216,
          1
        ]
      },
      {
        "date" : 762228847.05697,
        "title" : "Untitled",
        "transform" : [
          0.9997167,
          -7.9995477e-10,
          -0.02380162,
          0,
          -0.016540252,
          0.7190858,
          -0.69472444,
          0,
          0.017115407,
          0.6949213,
          0.7188821,
          0,
          0.029782578,
          0.4259534,
          0.7017433,
          1
        ]
      },
      {
        "date" : 762228845.553188,
        "title" : "Untitled",
        "transform" : [
          0.9997167,
          -7.9995477e-10,
          -0.02380162,
          0,
          -0.016540252,
          0.7190858,
          -0.69472444,
          0,
          0.017115407,
          0.6949213,
          0.7188821,
          0,
          0.025660861,
          0.23278274,
          0.51547,
          1
        ]
      },
      {
        "date" : 762228841.349963,
        "title" : "Untitled",
        "transform" : [
          0.9997167,
          -7.9995477e-10,
          -0.02380162,
          0,
          -0.016540252,
          0.7190858,
          -0.69472444,
          0,
          0.017115407,
          0.6949213,
          0.7188821,
          0,
          0.021217892,
          0.02455632,
          0.31467852,
          1
        ]
      },
      {
        "date" : 762228739.98678,
        "title" : "Untitled",
        "transform" : [
          0.9997167,
          -7.9995477e-10,
          -0.02380162,
          0,
          -0.016540252,
          0.7190858,
          -0.69472444,
          0,
          0.017115407,
          0.6949213,
          0.7188821,
          0,
          0.02192296,
          0.057599977,
          0.34654212,
          1
        ]
      },
      {
        "date" : 762228569.205456,
        "title" : "Untitled",
        "transform" : [
          0.9997167,
          -7.9995477e-10,
          -0.02380162,
          0,
          -0.016540252,
          0.7190858,
          -0.69472444,
          0,
          0.017115407,
          0.6949213,
          0.7188821,
          0,
          0.034423225,
          0.25436884,
          0.4029134,
          1
        ]
      }
    ],
    "3BE3E1C2-6FEB-419D-ABD1-5AEAD892E733" : [
      {
        "date" : 764622090.418592,
        "title" : "Untitled",
        "transform" : [
          1,
          0,
          0,
          0,
          0,
          0.7071069,
          -0.7071067,
          0,
          0,
          0.7071067,
          0.7071069,
          0,
          -0.012914811,
          11.823879,
          16.465755,
          1
        ]
      },
      {
        "date" : 764284541.410653,
        "title" : "Untitled",
        "transform" : [
          1,
          0,
          -0,
          0,
          -0,
          0.7071069,
          -0.7071067,
          0,
          0,
          0.7071067,
          0.7071069,
          0,
          -0.0034800768,
          3.1645212,
          4.4369283,
          1
        ]
      },
      {
        "date" : 764283360.000865,
        "title" : "Untitled",
        "transform" : [
          1,
          0,
          0,
          0,
          0,
          0.7071069,
          -0.70710677,
          0,
          0,
          0.70710677,
          0.7071069,
          0,
          0,
          5.076763,
          5.0148573,
          1
        ]
      },
      {
        "date" : 764283349.133381,
        "title" : "Untitled",
        "transform" : [
          1,
          0,
          0,
          0,
          0,
          0.7071069,
          -0.70710677,
          0,
          0,
          0.70710677,
          0.7071069,
          0,
          0,
          1.6203476,
          1.6203481,
          1
        ]
      },
      {
        "date" : 763329837.403672,
        "title" : "Untitled",
        "transform" : [
          1,
          0,
          0,
          0,
          0,
          0.7071069,
          -0.70710677,
          0,
          0,
          0.70710677,
          0.7071069,
          0,
          0,
          0.18993151,
          0.18993156,
          1
        ]
      },
      {
        "date" : 763329835.304003,
        "title" : "Untitled",
        "transform" : [
          1,
          0,
          0,
          0,
          0,
          0.7071069,
          -0.70710677,
          0,
          0,
          0.70710677,
          0.7071069,
          0,
          0,
          0.18912767,
          0.18912771,
          1
        ]
      }
    ],
    "57D73C7A-24B1-4504-8638-9C4B38C5D02B" : [
      {
        "date" : 764625301.375241,
        "title" : "Untitled",
        "transform" : [
          0.914112,
          1.0232152e-09,
          -0.40546188,
          0,
          -0.30372253,
          0.662482,
          -0.6847411,
          0,
          0.26861122,
          0.7490779,
          0.6055828,
          0,
          0.74356747,
          2.84635,
          1.9930477,
          1
        ]
      },
      {
        "date" : 764625299.865856,
        "title" : "Untitled",
        "transform" : [
          1,
          0,
          0,
          0,
          0,
          0.7071069,
          -0.70710677,
          0,
          0,
          0.70710677,
          0.7071069,
          0,
          -0.00023927163,
          2.728711,
          2.3204396,
          1
        ]
      },
      {
        "date" : 764625273.018211,
        "title" : "Untitled",
        "transform" : [
          1,
          0,
          0,
          0,
          0,
          0.7071069,
          -0.70710677,
          0,
          0,
          0.70710677,
          0.7071069,
          0,
          0.0011347537,
          1.1635377,
          1.170493,
          1
        ]
      },
      {
        "date" : 764624947.22958,
        "title" : "Untitled",
        "transform" : [
          1,
          0,
          0,
          0,
          0,
          0.7071069,
          -0.70710677,
          0,
          0,
          0.70710677,
          0.7071069,
          0,
          0.0018347544,
          0.75316155,
          0.7644072,
          1
        ]
      }
    ],
    "75156143-2FEF-4740-88F4-B165507E2B4E" : [
      {
        "date" : 764624724.418449,
        "title" : "Untitled",
        "transform" : [
          -0.099845625,
          -4.007195e-08,
          -0.995003,
          0,
          -0.52122307,
          0.8518163,
          0.05230317,
          0,
          0.8475597,
          0.5238407,
          -0.08505014,
          0,
          2.9209044,
          2.8443077,
          -0.3806647,
          1
        ]
      },
      {
        "date" : 764624720.251383,
        "title" : "Untitled",
        "transform" : [
          -0.09984556,
          -5.0117734e-08,
          -0.995003,
          0,
          -0.52122307,
          0.85181624,
          0.052303277,
          0,
          0.8475597,
          0.5238407,
          -0.08505014,
          0,
          2.9209044,
          2.8443077,
          -0.3806647,
          1
        ]
      },
      {
        "date" : 764624718.605481,
        "title" : "Untitled",
        "transform" : [
          -0.09984556,
          -5.0117734e-08,
          -0.995003,
          0,
          -0.52122307,
          0.85181624,
          0.052303277,
          0,
          0.8475597,
          0.5238407,
          -0.08505014,
          0,
          2.9315155,
          2.826967,
          -0.3817295,
          1
        ]
      },
      {
        "date" : 764624713.92244,
        "title" : "Untitled",
        "transform" : [
          -0.09984556,
          -5.0117734e-08,
          -0.995003,
          0,
          -0.52122307,
          0.85181624,
          0.052303277,
          0,
          0.8475596,
          0.52384067,
          -0.085050136,
          0,
          2.9405782,
          2.812156,
          -0.38263896,
          1
        ]
      },
      {
        "date" : 764624704.498931,
        "title" : "Untitled",
        "transform" : [
          0.040978577,
          -4.889034e-08,
          0.99915993,
          0,
          0.61112934,
          0.7911337,
          -0.02506439,
          0,
          -0.7904692,
          0.61164314,
          0.032419585,
          0,
          -3.2761228,
          3.1441588,
          -0.2627538,
          1
        ]
      },
      {
        "date" : 764624687.178764,
        "title" : "Untitled",
        "transform" : [
          -0.9050397,
          -4.8972105e-08,
          0.4253273,
          0,
          0.08265509,
          0.98093575,
          0.17587873,
          0,
          -0.41721877,
          0.19433266,
          -0.8877858,
          0,
          -1.5501195,
          1.9811177,
          -3.4678798,
          1
        ]
      },
      {
        "date" : 764624680.085772,
        "title" : "Untitled",
        "transform" : [
          -0.91154754,
          -3.6379106e-08,
          0.41119483,
          0,
          0.3943993,
          0.28288418,
          0.8743145,
          0,
          -0.11632057,
          0.9591541,
          -0.25786236,
          0,
          -0.16349119,
          3.4223218,
          -0.500978,
          1
        ]
      },
      {
        "date" : 764624671.015508,
        "title" : "Untitled",
        "transform" : [
          -0.2025426,
          -3.1008145e-08,
          0.9792735,
          0,
          0.36991927,
          0.92590815,
          0.07651012,
          0,
          -0.90671724,
          0.3777487,
          -0.1875358,
          0,
          -3.026805,
          1.567295,
          -0.550201,
          1
        ]
      },
      {
        "date" : 764624667.52065,
        "title" : "Untitled",
        "transform" : [
          -0.7820383,
          -3.0072332e-08,
          0.62323046,
          0,
          0.4691015,
          0.6583712,
          0.58863497,
          0,
          -0.410317,
          0.75269336,
          -0.5148714,
          0,
          -1.4691647,
          2.8888268,
          -1.8218793,
          1
        ]
      },
      {
        "date" : 764624657.290029,
        "title" : "Untitled",
        "transform" : [
          -0.78203815,
          -3.007233e-08,
          0.6232304,
          0,
          0.4691015,
          0.6583712,
          0.58863497,
          0,
          -0.410317,
          0.75269336,
          -0.5148714,
          0,
          -3.6639762,
          6.4285684,
          -3.5237265,
          1
        ]
      }
    ],
    "81DFEA20-B07C-4543-AB79-601DDCB38494" : [
      {
        "date" : 764624882.978338,
        "title" : "Untitled",
        "transform" : [
          0.8680118,
          -1.8991845e-08,
          -0.49654353,
          0,
          -0.27614665,
          0.8310901,
          -0.48273432,
          0,
          0.41267243,
          0.5561379,
          0.72139597,
          0,
          4.565912,
          4.998777,
          11.03126,
          1
        ]
      },
      {
        "date" : 764624878.380547,
        "title" : "Untitled",
        "transform" : [
          0.8680118,
          -1.8991845e-08,
          -0.49654353,
          0,
          -0.27614665,
          0.8310901,
          -0.48273432,
          0,
          0.41267243,
          0.5561379,
          0.72139597,
          0,
          10.737721,
          19.626347,
          15.900087,
          1
        ]
      },
      {
        "date" : 764624874.386909,
        "title" : "Untitled",
        "transform" : [
          0.8680118,
          -1.8991845e-08,
          -0.49654353,
          0,
          -0.27614665,
          0.8310901,
          -0.48273432,
          0,
          0.41267243,
          0.5561379,
          0.72139597,
          0,
          9.939247,
          17.761595,
          15.2794,
          1
        ]
      },
      {
        "date" : 764624865.932386,
        "title" : "Untitled",
        "transform" : [
          0.8680119,
          -1.8991846e-08,
          -0.4965436,
          0,
          -0.27614665,
          0.8310901,
          -0.48273432,
          0,
          0.41267243,
          0.5561379,
          0.72139597,
          0,
          0.0060480237,
          1.0171179,
          1.2794483,
          1
        ]
      },
      {
        "date" : 764624856.496431,
        "title" : "Untitled",
        "transform" : [
          -0.11038891,
          -3.4399623e-08,
          0.9938885,
          0,
          0.82397455,
          0.5591875,
          0.091517,
          0,
          -0.55577,
          0.8290413,
          -0.06172806,
          0,
          -1.4763563,
          1.53651,
          -0.76053387,
          1
        ]
      },
      {
        "date" : 764624849.806265,
        "title" : "Untitled",
        "transform" : [
          0.6400546,
          -3.5810167e-08,
          0.76832944,
          0,
          0.7354472,
          0.2894176,
          -0.61266214,
          0,
          -0.22236799,
          0.9572029,
          0.18524304,
          0,
          -0.9652537,
          3.5064764,
          -0.46098307,
          1
        ]
      },
      {
        "date" : 764624843.611889,
        "title" : "Untitled",
        "transform" : [
          -0.9863671,
          -2.8721036e-08,
          0.1645599,
          0,
          0.093117334,
          0.82450354,
          0.5581426,
          0,
          -0.13568027,
          0.5658569,
          -0.81326324,
          0,
          -0.17973727,
          2.3701472,
          -3.1621258,
          1
        ]
      },
      {
        "date" : 764624837.764232,
        "title" : "Untitled",
        "transform" : [
          -0.36568826,
          -3.0869632e-08,
          0.9307374,
          0,
          0.8125473,
          0.4876941,
          0.3192512,
          0,
          -0.45391524,
          0.8730146,
          -0.178344,
          0,
          -1.634711,
          3.3890102,
          -1.5490422,
          1
        ]
      },
      {
        "date" : 764624813.306401,
        "title" : "Untitled",
        "transform" : [
          -0.86591727,
          -2.0517284e-08,
          0.50018716,
          0,
          0.17046605,
          0.9401342,
          0.29510856,
          0,
          -0.47024307,
          0.34080455,
          -0.8140785,
          0,
          -2.2187061,
          2.1643007,
          -3.4822886,
          1
        ]
      },
      {
        "date" : 764624802.127015,
        "title" : "Untitled",
        "transform" : [
          -0.86591727,
          -2.0517284e-08,
          0.50018716,
          0,
          0.17046605,
          0.9401342,
          0.29510856,
          0,
          -0.47024307,
          0.34080455,
          -0.8140785,
          0,
          -2.2791855,
          2.2638571,
          -3.5814443,
          1
        ]
      }
    ],
    "B5C81A91-EC27-4A48-AAE0-183397FE04F7" : [
      {
        "date" : 764625442.707242,
        "title" : "Untitled",
        "transform" : [
          -0.12490201,
          -5.827787e-07,
          -0.992169,
          0,
          -0.031649385,
          0.9994911,
          0.003983717,
          0,
          0.9916641,
          0.0318992,
          -0.124838844,
          0,
          0.046808966,
          0.020978777,
          -0.16555835,
          1
        ]
      },
      {
        "date" : 764625439.987543,
        "title" : "Untitled",
        "transform" : [
          -0.12490201,
          -5.827787e-07,
          -0.992169,
          0,
          -0.031649385,
          0.9994911,
          0.003983717,
          0,
          0.9916641,
          0.0318992,
          -0.124838844,
          0,
          0.04270605,
          0.027905162,
          -0.21240339,
          1
        ]
      },
      {
        "date" : 764625418.220073,
        "title" : "Untitled",
        "transform" : [
          -0.12490201,
          -5.827787e-07,
          -0.992169,
          0,
          -0.031649385,
          0.9994911,
          0.003983717,
          0,
          0.991664,
          0.031899195,
          -0.12483883,
          0,
          0.058082964,
          0.0019464217,
          -0.036837563,
          1
        ]
      },
      {
        "date" : 764625399.946583,
        "title" : "Untitled",
        "transform" : [
          -0.5960188,
          -5.8259076e-07,
          -0.80297047,
          0,
          -0.16738579,
          0.9780314,
          0.12424435,
          0,
          0.78532994,
          0.20845787,
          -0.58292544,
          0,
          0.045845512,
          0.012813247,
          -0.06505075,
          1
        ]
      },
      {
        "date" : 764625378.778264,
        "title" : "Untitled",
        "transform" : [
          0.5781635,
          -6.0165104e-07,
          0.8159209,
          0,
          0.3196627,
          0.92005837,
          -0.22651307,
          0,
          -0.75069463,
          0.39178118,
          0.5319446,
          0,
          -6.378142e-07,
          3.9085063e-07,
          8.93207e-07,
          1
        ]
      },
      {
        "date" : 764625373.006058,
        "title" : "Untitled",
        "transform" : [
          0.5722397,
          -6.047199e-07,
          0.82008636,
          0,
          0.109659635,
          0.99101955,
          -0.07651753,
          0,
          -0.81272155,
          0.13371682,
          0.56710094,
          0,
          -8.6474097e-07,
          1.2602928e-07,
          1.1466353e-06,
          1
        ]
      },
      {
        "date" : 764625350.170834,
        "title" : "Untitled",
        "transform" : [
          0.5722397,
          -6.047199e-07,
          0.82008636,
          0,
          0.109659635,
          0.99101955,
          -0.07651753,
          0,
          -0.81272155,
          0.13371682,
          0.56710094,
          0,
          -0.8074826,
          0.29304683,
          0.7792262,
          1
        ]
      },
      {
        "date" : 764623725.577829,
        "title" : "Untitled",
        "transform" : [
          0.5722397,
          -6.047199e-07,
          0.82008636,
          0,
          0.109659635,
          0.99101955,
          -0.07651753,
          0,
          -0.81272155,
          0.13371682,
          0.56710094,
          0,
          -1.8943806,
          2.055478,
          2.0959604,
          1
        ]
      },
      {
        "date" : 764623611.912319,
        "title" : "Untitled",
        "transform" : [
          0.5722397,
          -6.047199e-07,
          0.82008636,
          0,
          0.109659635,
          0.99101955,
          -0.07651753,
          0,
          -0.81272155,
          0.13371682,
          0.56710094,
          0,
          -1.8859168,
          2.0540855,
          2.0900545,
          1
        ]
      },
      {
        "date" : 764622975.676119,
        "title" : "Untitled",
        "transform" : [
          0.5722397,
          -6.047199e-07,
          0.82008636,
          0,
          0.109659635,
          0.99101955,
          -0.07651753,
          0,
          -0.81272155,
          0.13371682,
          0.56710094,
          0,
          -1.8860444,
          2.0529327,
          2.0901437,
          1
        ]
      }
    ],
    "C868B84E-7ACD-463D-A3CF-0D5D0F822C78" : [
      {
        "date" : 764622882.251459,
        "title" : "Untitled",
        "transform" : [
          0.90907425,
          0.00020298587,
          -0.41663444,
          0,
          -0.13649508,
          0.94495684,
          -0.29736456,
          0,
          0.39364114,
          0.3271947,
          0.8590636,
          0,
          1.3773465,
          1.7851657,
          1.9155909,
          1
        ]
      },
      {
        "date" : 764622876.986755,
        "title" : "Untitled",
        "transform" : [
          0.7190209,
          0.00020299215,
          -0.6949885,
          0,
          -0.6456204,
          0.3703611,
          -0.6678375,
          0,
          0.25726125,
          0.9288877,
          0.26642865,
          0,
          0.52747345,
          2.5246766,
          0.18797408,
          1
        ]
      },
      {
        "date" : 764622874.988484,
        "title" : "Untitled",
        "transform" : [
          0.7190209,
          0.00020299215,
          -0.6949885,
          0,
          -0.6456204,
          0.3703611,
          -0.6678375,
          0,
          0.25726125,
          0.9288877,
          0.26642865,
          0,
          0.455952,
          3.413626,
          0.17019114,
          1
        ]
      },
      {
        "date" : 764622870.619283,
        "title" : "Untitled",
        "transform" : [
          0.7190209,
          0.00020299215,
          -0.6949885,
          0,
          -0.6456204,
          0.3703611,
          -0.6678375,
          0,
          0.25726125,
          0.9288877,
          0.26642865,
          0,
          1.9174658,
          8.690691,
          1.6837865,
          1
        ]
      },
      {
        "date" : 764622868.688056,
        "title" : "Untitled",
        "transform" : [
          0.9716143,
          0.00020296361,
          0.23657046,
          0,
          -0.06557956,
          0.9610403,
          0.26851618,
          0,
          -0.22729927,
          -0.2764086,
          0.9337737,
          0,
          -1.5786582,
          -1.2794087,
          9.092674,
          1
        ]
      },
      {
        "date" : 764622860.885243,
        "title" : "Untitled",
        "transform" : [
          0.9716143,
          0.00020296361,
          0.23657046,
          0,
          -0.06557956,
          0.9610403,
          0.26851618,
          0,
          -0.22729927,
          -0.2764086,
          0.9337737,
          0,
          -0.43115628,
          2.2093213,
          10.404707,
          1
        ]
      },
      {
        "date" : 764622848.33643,
        "title" : "Untitled",
        "transform" : [
          0.9716144,
          0.00020296364,
          0.23657049,
          0,
          -0.06557956,
          0.9610403,
          0.26851618,
          0,
          -0.2272993,
          -0.27640864,
          0.9337738,
          0,
          0.20262456,
          1.0040542,
          4.858651,
          1
        ]
      },
      {
        "date" : 764622846.115422,
        "title" : "Untitled",
        "transform" : [
          0.99172825,
          0.00020295115,
          0.12835516,
          0,
          0.11230528,
          0.48282933,
          -0.86848336,
          0,
          -0.062149998,
          0.87571436,
          0.47881296,
          0,
          1.2992561,
          4.721789,
          0.35768634,
          1
        ]
      },
      {
        "date" : 764622268.783219,
        "title" : "Untitled",
        "transform" : [
          0.99172825,
          0.00020295115,
          0.12835516,
          0,
          0.11230528,
          0.48282933,
          -0.86848336,
          0,
          -0.062149998,
          0.87571436,
          0.47881296,
          0,
          0.88015676,
          1.2418382,
          0.26983064,
          1
        ]
      },
      {
        "date" : 764622266.188712,
        "title" : "Untitled",
        "transform" : [
          0.99172825,
          0.00020295115,
          0.12835516,
          0,
          0.11230528,
          0.48282933,
          -0.86848336,
          0,
          -0.062149998,
          0.87571436,
          0.47881296,
          0,
          0.8732235,
          1.3395311,
          0.32324603,
          1
        ]
      }
    ],
    "FE414AD3-70DF-4564-A22E-60EC3ABF7F9C" : [
      {
        "date" : 762229077.215485,
        "title" : "Untitled",
        "transform" : [
          1,
          0,
          0,
          0,
          0,
          0.7071069,
          -0.70710677,
          0,
          0,
          0.70710677,
          0.7071069,
          0,
          0.00981867,
          0.3255063,
          0.45399398,
          1
        ]
      },
      {
        "date" : 762229068.007258,
        "title" : "Untitled",
        "transform" : [
          1,
          0,
          0,
          0,
          0,
          0.7071069,
          -0.70710677,
          0,
          0,
          0.70710677,
          0.7071069,
          0,
          0.008270457,
          0.3931958,
          0.4162929,
          1
        ]
      },
      {
        "date" : 762229009.28801,
        "title" : "Untitled",
        "transform" : [
          1,
          0,
          0,
          0,
          0,
          0.7071069,
          -0.70710677,
          0,
          0,
          0.70710677,
          0.7071069,
          0,
          0.008270457,
          0.5781575,
          0.6012545,
          1
        ]
      },
      {
        "date" : 762229005.662394,
        "title" : "Untitled",
        "transform" : [
          1,
          0,
          0,
          0,
          0,
          0.7071069,
          -0.70710677,
          0,
          0,
          0.70710677,
          0.7071069,
          0,
          0.07194738,
          0.41296506,
          0.766447,
          1
        ]
      },
      {
        "date" : 762228957.262149,
        "title" : "Untitled",
        "transform" : [
          1,
          0,
          0,
          0,
          0,
          0.7071069,
          -0.70710677,
          0,
          0,
          0.70710677,
          0.7071069,
          0,
          0.07194738,
          0.8720642,
          1.2255462,
          1
        ]
      }
    ]
  },
  "sceneViewportBackgroundColors" : {

  },
  "selectedSceneRelativePath" : "Esme\/Untitled Scene.usda"
}