{
  "advancedEditorSelectedIdentifier" : "ProjectBrowser",
  "openSceneRelativePaths" : [
    "Immersive.usda",
    "Esme\/Untitled Scene.usda"
  ],
  "recentIdentifiers" : {
    "1D572CEB-057A-41C3-B575-04C37501A3C0" : [

    ],
    "B5C81A91-EC27-4A48-AAE0-183397FE04F7" : [

    ]
  },
  "sceneCameraHistory" : {
    "1D572CEB-057A-41C3-B575-04C37501A3C0" : [
      {
        "date" : 762228929.390124,
        "title" : "Untitled",
        "transform" : [
          0.9997167,
          -7.9995477e-10,
          -0.02380162,
          0,
          -0.016540252,
          0.7190858,
          -0.69472444,
          0,
          0.017115407,
          0.6949213,
          0.7188821,
          0,
          -0.033294827,
          1.1439136,
          1.7462054,
          1
        ]
      },
      {
        "date" : 762228922.4914,
        "title" : "Untitled",
        "transform" : [
          0.9997167,
          -7.9995477e-10,
          -0.02380162,
          0,
          -0.016540252,
          0.7190858,
          -0.69472444,
          0,
          0.017115407,
          0.6949213,
          0.7188821,
          0,
          -0.04259999,
          1.185427,
          1.7062973,
          1
        ]
      },
      {
        "date" : 762228919.22491,
        "title" : "Untitled",
        "transform" : [
          0.9997167,
          -7.9995477e-10,
          -0.02380162,
          0,
          -0.016540252,
          0.7190858,
          -0.69472444,
          0,
          0.017115407,
          0.6949213,
          0.7188821,
          0,
          0.0073585217,
          1.4353276,
          1.5983746,
          1
        ]
      },
      {
        "date" : 762228882.872298,
        "title" : "Untitled",
        "transform" : [
          0.9997167,
          -7.9995477e-10,
          -0.02380162,
          0,
          -0.016540252,
          0.7190858,
          -0.69472444,
          0,
          0.017115407,
          0.6949213,
          0.7188821,
          0,
          0.015982028,
          3.117399,
          3.4715216,
          1
        ]
      },
      {
        "date" : 762228847.05697,
        "title" : "Untitled",
        "transform" : [
          0.9997167,
          -7.9995477e-10,
          -0.02380162,
          0,
          -0.016540252,
          0.7190858,
          -0.69472444,
          0,
          0.017115407,
          0.6949213,
          0.7188821,
          0,
          0.029782578,
          0.4259534,
          0.7017433,
          1
        ]
      },
      {
        "date" : 762228845.553188,
        "title" : "Untitled",
        "transform" : [
          0.9997167,
          -7.9995477e-10,
          -0.02380162,
          0,
          -0.016540252,
          0.7190858,
          -0.69472444,
          0,
          0.017115407,
          0.6949213,
          0.7188821,
          0,
          0.025660861,
          0.23278274,
          0.51547,
          1
        ]
      },
      {
        "date" : 762228841.349963,
        "title" : "Untitled",
        "transform" : [
          0.9997167,
          -7.9995477e-10,
          -0.02380162,
          0,
          -0.016540252,
          0.7190858,
          -0.69472444,
          0,
          0.017115407,
          0.6949213,
          0.7188821,
          0,
          0.021217892,
          0.02455632,
          0.31467852,
          1
        ]
      },
      {
        "date" : 762228739.98678,
        "title" : "Untitled",
        "transform" : [
          0.9997167,
          -7.9995477e-10,
          -0.02380162,
          0,
          -0.016540252,
          0.7190858,
          -0.69472444,
          0,
          0.017115407,
          0.6949213,
          0.7188821,
          0,
          0.02192296,
          0.057599977,
          0.34654212,
          1
        ]
      },
      {
        "date" : 762228569.205456,
        "title" : "Untitled",
        "transform" : [
          0.9997167,
          -7.9995477e-10,
          -0.02380162,
          0,
          -0.016540252,
          0.7190858,
          -0.69472444,
          0,
          0.017115407,
          0.6949213,
          0.7188821,
          0,
          0.034423225,
          0.25436884,
          0.4029134,
          1
        ]
      },
      {
        "date" : 762228457.806497,
        "title" : "Untitled",
        "transform" : [
          0.9997167,
          -7.9995477e-10,
          -0.02380162,
          0,
          -0.016540252,
          0.7190858,
          -0.69472444,
          0,
          0.017115407,
          0.6949213,
          0.7188821,
          0,
          0.034669526,
          0.26436937,
          0.4132588,
          1
        ]
      }
    ],
    "3BE3E1C2-6FEB-419D-ABD1-5AEAD892E733" : [
      {
        "date" : 763329837.403672,
        "title" : "Untitled",
        "transform" : [
          1,
          0,
          0,
          0,
          0,
          0.7071069,
          -0.70710677,
          0,
          0,
          0.70710677,
          0.7071069,
          0,
          0,
          0.18993151,
          0.18993156,
          1
        ]
      },
      {
        "date" : 763329835.304003,
        "title" : "Untitled",
        "transform" : [
          1,
          0,
          0,
          0,
          0,
          0.7071069,
          -0.70710677,
          0,
          0,
          0.70710677,
          0.7071069,
          0,
          0,
          0.18912767,
          0.18912771,
          1
        ]
      }
    ],
    "B5C81A91-EC27-4A48-AAE0-183397FE04F7" : [
      {
        "date" : 763506662.181392,
        "title" : "Untitled",
        "transform" : [
          1,
          0,
          0,
          0,
          0,
          1,
          0,
          0,
          0,
          0,
          1,
          0,
          0.15596622,
          5.297471,
          10.390277,
          1
        ]
      },
      {
        "date" : 763506656.609798,
        "title" : "Untitled",
        "transform" : [
          1,
          0,
          0,
          0,
          0,
          1,
          0,
          0,
          0,
          0,
          1,
          0,
          0.027059356,
          0.8946603,
          1.8026611,
          1
        ]
      },
      {
        "date" : 763506654.523939,
        "title" : "Untitled",
        "transform" : [
          1,
          0,
          0,
          0,
          0,
          1,
          0,
          0,
          0,
          0,
          1,
          0,
          0.21069862,
          6.933485,
          14.036482,
          1
        ]
      },
      {
        "date" : 763506271.774145,
        "title" : "Untitled",
        "transform" : [
          1,
          0,
          0,
          0,
          0,
          1,
          0,
          0,
          0,
          0,
          1,
          0,
          0.1510385,
          4.971612,
          10.061998,
          1
        ]
      },
      {
        "date" : 763506068.909894,
        "title" : "Untitled",
        "transform" : [
          1,
          0,
          0,
          0,
          0,
          1,
          0,
          0,
          0,
          0,
          1,
          0,
          0.036732066,
          1.7443001,
          2.4470453,
          1
        ]
      },
      {
        "date" : 763506066.851975,
        "title" : "Untitled",
        "transform" : [
          1,
          0,
          0,
          0,
          0,
          1,
          0,
          0,
          0,
          0,
          1,
          0,
          0.15822929,
          7.513854,
          10.541042,
          1
        ]
      },
      {
        "date" : 763506056.844852,
        "title" : "Untitled",
        "transform" : [
          1,
          0,
          0,
          0,
          0,
          1,
          0,
          0,
          0,
          0,
          1,
          0,
          0.02601696,
          1.5104837,
          1.733218,
          1
        ]
      },
      {
        "date" : 763506055.580223,
        "title" : "Untitled",
        "transform" : [
          1,
          0,
          0,
          0,
          0,
          1,
          0,
          0,
          0,
          0,
          1,
          0,
          -0.08505051,
          1.9185708,
          2.9384148,
          1
        ]
      },
      {
        "date" : 763506052.934,
        "title" : "Untitled",
        "transform" : [
          1,
          0,
          0,
          0,
          0,
          1,
          0,
          0,
          0,
          0,
          1,
          0,
          -1.5946252,
          6.5955896,
          17.096554,
          1
        ]
      },
      {
        "date" : 763506048.875561,
        "title" : "Untitled",
        "transform" : [
          1,
          0,
          0,
          0,
          0,
          1,
          0,
          0,
          0,
          0,
          1,
          0,
          0.89608127,
          8.252081,
          0.87615305,
          1
        ]
      }
    ],
    "FE414AD3-70DF-4564-A22E-60EC3ABF7F9C" : [
      {
        "date" : 762229077.215485,
        "title" : "Untitled",
        "transform" : [
          1,
          0,
          0,
          0,
          0,
          0.7071069,
          -0.70710677,
          0,
          0,
          0.70710677,
          0.7071069,
          0,
          0.00981867,
          0.3255063,
          0.45399398,
          1
        ]
      },
      {
        "date" : 762229068.007258,
        "title" : "Untitled",
        "transform" : [
          1,
          0,
          0,
          0,
          0,
          0.7071069,
          -0.70710677,
          0,
          0,
          0.70710677,
          0.7071069,
          0,
          0.008270457,
          0.3931958,
          0.4162929,
          1
        ]
      },
      {
        "date" : 762229009.28801,
        "title" : "Untitled",
        "transform" : [
          1,
          0,
          0,
          0,
          0,
          0.7071069,
          -0.70710677,
          0,
          0,
          0.70710677,
          0.7071069,
          0,
          0.008270457,
          0.5781575,
          0.6012545,
          1
        ]
      },
      {
        "date" : 762229005.662394,
        "title" : "Untitled",
        "transform" : [
          1,
          0,
          0,
          0,
          0,
          0.7071069,
          -0.70710677,
          0,
          0,
          0.70710677,
          0.7071069,
          0,
          0.07194738,
          0.41296506,
          0.766447,
          1
        ]
      },
      {
        "date" : 762228957.262149,
        "title" : "Untitled",
        "transform" : [
          1,
          0,
          0,
          0,
          0,
          0.7071069,
          -0.70710677,
          0,
          0,
          0.70710677,
          0.7071069,
          0,
          0.07194738,
          0.8720642,
          1.2255462,
          1
        ]
      }
    ]
  },
  "sceneViewportBackgroundColors" : {

  },
  "selectedSceneRelativePath" : "Esme\/EsmeTestingScene.usda"
}