{
  "advancedEditorSelectedIdentifier" : "ProjectBrowser",
  "openSceneRelativePaths" : [
    "Immersive.usda",
    "Esme\/EsmeTestingScene.usda",
    "Esme\/bison assets.usda"
  ],
  "recentIdentifiers" : {
    "1D572CEB-057A-41C3-B575-04C37501A3C0" : [

    ],
    "B5C81A91-EC27-4A48-AAE0-183397FE04F7" : [

    ]
  },
  "sceneCameraHistory" : {
    "1D572CEB-057A-41C3-B575-04C37501A3C0" : [
      {
        "date" : 762228929.390124,
        "title" : "Untitled",
        "transform" : [
          0.9997167,
          -7.9995477e-10,
          -0.02380162,
          0,
          -0.016540252,
          0.7190858,
          -0.69472444,
          0,
          0.017115407,
          0.6949213,
          0.7188821,
          0,
          -0.033294827,
          1.1439136,
          1.7462054,
          1
        ]
      },
      {
        "date" : 762228922.4914,
        "title" : "Untitled",
        "transform" : [
          0.9997167,
          -7.9995477e-10,
          -0.02380162,
          0,
          -0.016540252,
          0.7190858,
          -0.69472444,
          0,
          0.017115407,
          0.6949213,
          0.7188821,
          0,
          -0.04259999,
          1.185427,
          1.7062973,
          1
        ]
      },
      {
        "date" : 762228919.22491,
        "title" : "Untitled",
        "transform" : [
          0.9997167,
          -7.9995477e-10,
          -0.02380162,
          0,
          -0.016540252,
          0.7190858,
          -0.69472444,
          0,
          0.017115407,
          0.6949213,
          0.7188821,
          0,
          0.0073585217,
          1.4353276,
          1.5983746,
          1
        ]
      },
      {
        "date" : 762228882.872298,
        "title" : "Untitled",
        "transform" : [
          0.9997167,
          -7.9995477e-10,
          -0.02380162,
          0,
          -0.016540252,
          0.7190858,
          -0.69472444,
          0,
          0.017115407,
          0.6949213,
          0.7188821,
          0,
          0.015982028,
          3.117399,
          3.4715216,
          1
        ]
      },
      {
        "date" : 762228847.05697,
        "title" : "Untitled",
        "transform" : [
          0.9997167,
          -7.9995477e-10,
          -0.02380162,
          0,
          -0.016540252,
          0.7190858,
          -0.69472444,
          0,
          0.017115407,
          0.6949213,
          0.7188821,
          0,
          0.029782578,
          0.4259534,
          0.7017433,
          1
        ]
      },
      {
        "date" : 762228845.553188,
        "title" : "Untitled",
        "transform" : [
          0.9997167,
          -7.9995477e-10,
          -0.02380162,
          0,
          -0.016540252,
          0.7190858,
          -0.69472444,
          0,
          0.017115407,
          0.6949213,
          0.7188821,
          0,
          0.025660861,
          0.23278274,
          0.51547,
          1
        ]
      },
      {
        "date" : 762228841.349963,
        "title" : "Untitled",
        "transform" : [
          0.9997167,
          -7.9995477e-10,
          -0.02380162,
          0,
          -0.016540252,
          0.7190858,
          -0.69472444,
          0,
          0.017115407,
          0.6949213,
          0.7188821,
          0,
          0.021217892,
          0.02455632,
          0.31467852,
          1
        ]
      },
      {
        "date" : 762228739.98678,
        "title" : "Untitled",
        "transform" : [
          0.9997167,
          -7.9995477e-10,
          -0.02380162,
          0,
          -0.016540252,
          0.7190858,
          -0.69472444,
          0,
          0.017115407,
          0.6949213,
          0.7188821,
          0,
          0.02192296,
          0.057599977,
          0.34654212,
          1
        ]
      },
      {
        "date" : 762228569.205456,
        "title" : "Untitled",
        "transform" : [
          0.9997167,
          -7.9995477e-10,
          -0.02380162,
          0,
          -0.016540252,
          0.7190858,
          -0.69472444,
          0,
          0.017115407,
          0.6949213,
          0.7188821,
          0,
          0.034423225,
          0.25436884,
          0.4029134,
          1
        ]
      },
      {
        "date" : 762228457.806497,
        "title" : "Untitled",
        "transform" : [
          0.9997167,
          -7.9995477e-10,
          -0.02380162,
          0,
          -0.016540252,
          0.7190858,
          -0.69472444,
          0,
          0.017115407,
          0.6949213,
          0.7188821,
          0,
          0.034669526,
          0.26436937,
          0.4132588,
          1
        ]
      }
    ],
    "3BE3E1C2-6FEB-419D-ABD1-5AEAD892E733" : [
      {
        "date" : 764284541.410653,
        "title" : "Untitled",
        "transform" : [
          1,
          0,
          -0,
          0,
          -0,
          0.7071069,
          -0.7071067,
          0,
          0,
          0.7071067,
          0.7071069,
          0,
          -0.0034800768,
          3.1645212,
          4.4369283,
          1
        ]
      },
      {
        "date" : 764283360.000865,
        "title" : "Untitled",
        "transform" : [
          1,
          0,
          0,
          0,
          0,
          0.7071069,
          -0.70710677,
          0,
          0,
          0.70710677,
          0.7071069,
          0,
          0,
          5.076763,
          5.0148573,
          1
        ]
      },
      {
        "date" : 764283349.133381,
        "title" : "Untitled",
        "transform" : [
          1,
          0,
          0,
          0,
          0,
          0.7071069,
          -0.70710677,
          0,
          0,
          0.70710677,
          0.7071069,
          0,
          0,
          1.6203476,
          1.6203481,
          1
        ]
      },
      {
        "date" : 763329837.403672,
        "title" : "Untitled",
        "transform" : [
          1,
          0,
          0,
          0,
          0,
          0.7071069,
          -0.70710677,
          0,
          0,
          0.70710677,
          0.7071069,
          0,
          0,
          0.18993151,
          0.18993156,
          1
        ]
      },
      {
        "date" : 763329835.304003,
        "title" : "Untitled",
        "transform" : [
          1,
          0,
          0,
          0,
          0,
          0.7071069,
          -0.70710677,
          0,
          0,
          0.70710677,
          0.7071069,
          0,
          0,
          0.18912767,
          0.18912771,
          1
        ]
      }
    ],
    "B5C81A91-EC27-4A48-AAE0-183397FE04F7" : [
      {
        "date" : 764283308.150408,
        "title" : "Untitled",
        "transform" : [
          0.5208283,
          -5.991166e-07,
          0.8536614,
          0,
          0.42635304,
          0.8663484,
          -0.2601221,
          0,
          -0.73956805,
          0.49944016,
          0.45121905,
          0,
          -1.6581112,
          2.136835,
          0.76837766,
          1
        ]
      },
      {
        "date" : 764283297.519691,
        "title" : "Untitled",
        "transform" : [
          0.5208283,
          -5.991166e-07,
          0.8536614,
          0,
          0.42635304,
          0.8663484,
          -0.2601221,
          0,
          -0.73956805,
          0.49944016,
          0.45121905,
          0,
          -0.11647475,
          0.04878569,
          -0.05641245,
          1
        ]
      },
      {
        "date" : 764283294.9255,
        "title" : "Untitled",
        "transform" : [
          0.5208283,
          -5.991166e-07,
          0.8536614,
          0,
          0.42635304,
          0.8663484,
          -0.2601221,
          0,
          -0.73956805,
          0.49944016,
          0.45121905,
          0,
          -0.67815506,
          0.3050055,
          0.5143885,
          1
        ]
      },
      {
        "date" : 764283291.479088,
        "title" : "Untitled",
        "transform" : [
          0.5208283,
          -5.991166e-07,
          0.8536614,
          0,
          0.42635304,
          0.8663484,
          -0.2601221,
          0,
          -0.73956805,
          0.49944016,
          0.45121905,
          0,
          -1.301167,
          2.0071568,
          1.236199,
          1
        ]
      },
      {
        "date" : 764283269.573825,
        "title" : "Untitled",
        "transform" : [
          0.5208283,
          -5.991166e-07,
          0.8536614,
          0,
          0.42635304,
          0.8663484,
          -0.2601221,
          0,
          -0.73956805,
          0.49944016,
          0.45121905,
          0,
          -2.3241508,
          2.6979902,
          1.8603338,
          1
        ]
      },
      {
        "date" : 764283263.409541,
        "title" : "Untitled",
        "transform" : [
          0.5208283,
          -5.991166e-07,
          0.8536614,
          0,
          0.42635304,
          0.8663484,
          -0.2601221,
          0,
          -0.73956805,
          0.49944016,
          0.45121905,
          0,
          -0.91437006,
          0.53395677,
          0.6770209,
          1
        ]
      },
      {
        "date" : 764283255.665687,
        "title" : "Untitled",
        "transform" : [
          0.5208283,
          -5.991166e-07,
          0.8536614,
          0,
          0.42635304,
          0.8663484,
          -0.2601221,
          0,
          -0.73956805,
          0.49944016,
          0.45121905,
          0,
          -4.0841837,
          5.399665,
          3.3376336,
          1
        ]
      },
      {
        "date" : 764283239.415132,
        "title" : "Untitled",
        "transform" : [
          0.5208283,
          -5.991166e-07,
          0.8536614,
          0,
          0.42635304,
          0.8663484,
          -0.2601221,
          0,
          -0.73956805,
          0.49944016,
          0.45121905,
          0,
          -1.1934091,
          0.96228534,
          0.91123486,
          1
        ]
      },
      {
        "date" : 764283215.02443,
        "title" : "Untitled",
        "transform" : [
          0.5208283,
          -5.991166e-07,
          0.8536614,
          0,
          0.42635304,
          0.8663484,
          -0.2601221,
          0,
          -0.73956805,
          0.49944016,
          0.45121905,
          0,
          -0.8678813,
          0.7424519,
          0.7126265,
          1
        ]
      },
      {
        "date" : 764283211.598107,
        "title" : "Untitled",
        "transform" : [
          0.5208283,
          -5.991166e-07,
          0.8536614,
          0,
          0.42635304,
          0.8663484,
          -0.2601221,
          0,
          -0.73956805,
          0.49944016,
          0.45121905,
          0,
          -0.34424293,
          0.037498236,
          0.0245727,
          1
        ]
      }
    ],
    "C868B84E-7ACD-463D-A3CF-0D5D0F822C78" : [
      {
        "date" : 764286592.847898,
        "title" : "Untitled",
        "transform" : [
          0.86746794,
          0.00020295024,
          0.49749312,
          0,
          0.40912235,
          0.5686652,
          -0.71360976,
          0,
          -0.283052,
          0.8225689,
          0.49321592,
          0,
          -0.29155162,
          2.006799,
          1.2007685,
          1
        ]
      },
      {
        "date" : 764286581.750446,
        "title" : "Untitled",
        "transform" : [
          0.9883728,
          0.0002029768,
          0.15205002,
          0,
          0.039233442,
          0.96579576,
          -0.25631875,
          0,
          -0.14690132,
          0.25930372,
          0.9545583,
          0,
          -0.48079318,
          1.646389,
          4.462186,
          1
        ]
      },
      {
        "date" : 764286573.613812,
        "title" : "Untitled",
        "transform" : [
          0.9964914,
          0.0002029756,
          0.08369557,
          0,
          0.04833831,
          0.8149593,
          -0.5774988,
          0,
          -0.06832572,
          0.579518,
          0.81209016,
          0,
          0.16827142,
          0.51368666,
          0.16190752,
          1
        ]
      },
      {
        "date" : 764286563.00669,
        "title" : "Untitled",
        "transform" : [
          0.801479,
          0.00020297561,
          0.59802294,
          0,
          0.33546287,
          0.827695,
          -0.44987303,
          0,
          -0.49507198,
          0.5611781,
          0.6633121,
          0,
          -0.41371688,
          1.1513015,
          1.218021,
          1
        ]
      },
      {
        "date" : 764286547.720486,
        "title" : "Untitled",
        "transform" : [
          0.26681465,
          0.00020295783,
          0.96374786,
          0,
          0.74233764,
          0.6376852,
          -0.20565124,
          0,
          -0.61460954,
          0.770297,
          0.16999304,
          0,
          -1.1795824,
          1.8795246,
          0.63029504,
          1
        ]
      },
      {
        "date" : 764283944.167322,
        "title" : "Untitled",
        "transform" : [
          0.9330089,
          0.00020295817,
          0.35985324,
          0,
          0.2865888,
          0.604345,
          -0.7433935,
          0,
          -0.21762638,
          0.79672265,
          0.5638011,
          0,
          0.039248187,
          2.4233127,
          1.4087685,
          1
        ]
      },
      {
        "date" : 764283941.63018,
        "title" : "Untitled",
        "transform" : [
          0.99913234,
          -1.1463479e-09,
          0.0416493,
          0,
          0.020687724,
          0.86791515,
          -0.4962814,
          0,
          -0.03614806,
          0.49671245,
          0.86716217,
          0,
          0.039248187,
          2.4233127,
          1.4087685,
          1
        ]
      },
      {
        "date" : 764283939.594171,
        "title" : "Untitled",
        "transform" : [
          0.99913234,
          -1.1463479e-09,
          0.0416493,
          0,
          0.020687724,
          0.86791515,
          -0.4962814,
          0,
          -0.03614806,
          0.49671245,
          0.86716217,
          0,
          0.056483973,
          1.9428879,
          1.0775527,
          1
        ]
      },
      {
        "date" : 764283934.993636,
        "title" : "Untitled",
        "transform" : [
          0.99913234,
          -1.1463479e-09,
          0.0416493,
          0,
          0.020687724,
          0.86791515,
          -0.4962814,
          0,
          -0.03614806,
          0.49671245,
          0.86716217,
          0,
          -0.17533395,
          5.1283064,
          6.6386604,
          1
        ]
      },
      {
        "date" : 764283922.051726,
        "title" : "Untitled",
        "transform" : [
          0.99913234,
          -1.1463479e-09,
          0.0416493,
          0,
          0.020687724,
          0.86791515,
          -0.4962814,
          0,
          -0.03614806,
          0.49671245,
          0.86716217,
          0,
          -0.013064504,
          2.8985574,
          2.7459545,
          1
        ]
      }
    ],
    "FE414AD3-70DF-4564-A22E-60EC3ABF7F9C" : [
      {
        "date" : 762229077.215485,
        "title" : "Untitled",
        "transform" : [
          1,
          0,
          0,
          0,
          0,
          0.7071069,
          -0.70710677,
          0,
          0,
          0.70710677,
          0.7071069,
          0,
          0.00981867,
          0.3255063,
          0.45399398,
          1
        ]
      },
      {
        "date" : 762229068.007258,
        "title" : "Untitled",
        "transform" : [
          1,
          0,
          0,
          0,
          0,
          0.7071069,
          -0.70710677,
          0,
          0,
          0.70710677,
          0.7071069,
          0,
          0.008270457,
          0.3931958,
          0.4162929,
          1
        ]
      },
      {
        "date" : 762229009.28801,
        "title" : "Untitled",
        "transform" : [
          1,
          0,
          0,
          0,
          0,
          0.7071069,
          -0.70710677,
          0,
          0,
          0.70710677,
          0.7071069,
          0,
          0.008270457,
          0.5781575,
          0.6012545,
          1
        ]
      },
      {
        "date" : 762229005.662394,
        "title" : "Untitled",
        "transform" : [
          1,
          0,
          0,
          0,
          0,
          0.7071069,
          -0.70710677,
          0,
          0,
          0.70710677,
          0.7071069,
          0,
          0.07194738,
          0.41296506,
          0.766447,
          1
        ]
      },
      {
        "date" : 762228957.262149,
        "title" : "Untitled",
        "transform" : [
          1,
          0,
          0,
          0,
          0,
          0.7071069,
          -0.70710677,
          0,
          0,
          0.70710677,
          0.7071069,
          0,
          0.07194738,
          0.8720642,
          1.2255462,
          1
        ]
      }
    ]
  },
  "sceneViewportBackgroundColors" : {

  },
  "selectedSceneRelativePath" : "Esme\/bison assets.usda"
}