{
  "advancedEditorSelectedIdentifier" : "ProjectBrowser",
  "openSceneRelativePaths" : [
    "Immersive.usda",
    "Scene.usda"
  ],
  "recentIdentifiers" : {
    "1D572CEB-057A-41C3-B575-04C37501A3C0" : [

    ]
  },
  "sceneCameraHistory" : {
    "1D572CEB-057A-41C3-B575-04C37501A3C0" : [
      {
        "date" : 764802807.667667,
        "title" : "Untitled",
        "transform" : [
          0.9950469,
          0.0017156203,
          0.09939118,
          0,
          0.018311365,
          0.9795775,
          -0.20023161,
          0,
          -0.09770487,
          0.20105982,
          0.9746942,
          0,
          -0.3370542,
          0.84072435,
          2.6059897,
          1
        ]
      },
      {
        "date" : 764802799.799805,
        "title" : "Untitled",
        "transform" : [
          -0.3788385,
          -5.502905e-09,
          -0.9254627,
          0,
          -0.91100216,
          0.17608638,
          0.37291902,
          0,
          0.1629614,
          0.9843747,
          -0.06670832,
          0,
          -3.2965694e-05,
          -0.031728603,
          2.2845725e-05,
          1
        ]
      },
      {
        "date" : 764794796.715842,
        "title" : "Untitled",
        "transform" : [
          -0.3788385,
          -5.502905e-09,
          -0.9254627,
          0,
          -0.91100216,
          0.17608638,
          0.37291902,
          0,
          0.1629614,
          0.9843747,
          -0.06670832,
          0,
          -6.882017,
          -39.391354,
          4.7693415,
          1
        ]
      },
      {
        "date" : 764794786.414483,
        "title" : "Untitled",
        "transform" : [
          0.591865,
          3.0212882e-10,
          0.8060371,
          0,
          0.17136098,
          0.97714,
          -0.12582867,
          0,
          -0.78761107,
          0.21259692,
          0.578335,
          0,
          34.252773,
          -10.764607,
          -32.69849,
          1
        ]
      },
      {
        "date" : 764794777.781029,
        "title" : "Untitled",
        "transform" : [
          0.016832348,
          1.0959644e-09,
          0.9998584,
          0,
          -0.007052791,
          0.99997514,
          0.00011873365,
          0,
          -0.9998334,
          -0.007053775,
          0.016831936,
          0,
          43.07648,
          -0.01486739,
          -5.8430963,
          1
        ]
      },
      {
        "date" : 764794760.340405,
        "title" : "Untitled",
        "transform" : [
          0.98008263,
          1.5742363e-09,
          -0.19859034,
          0,
          -0.035667665,
          0.98373896,
          -0.17602699,
          0,
          0.19536105,
          0.17960425,
          0.9641454,
          0,
          -2.1135213,
          -0.00015387157,
          -1.2859038,
          1
        ]
      },
      {
        "date" : 764794630.460334,
        "title" : "Untitled",
        "transform" : [
          0.98008263,
          1.5742363e-09,
          -0.19859034,
          0,
          -0.035667665,
          0.98373896,
          -0.17602699,
          0,
          0.19536105,
          0.17960425,
          0.9641454,
          0,
          -2.1142778,
          -0.00065847434,
          -1.28846,
          1
        ]
      },
      {
        "date" : 764794622.863216,
        "title" : "Untitled",
        "transform" : [
          0.07847563,
          7.916765e-09,
          -0.99691606,
          0,
          -0.1298784,
          0.9914772,
          -0.010223822,
          0,
          0.9884196,
          0.1302801,
          0.07780677,
          0,
          -2.1135397,
          -0.0002153556,
          -1.2851734,
          1
        ]
      },
      {
        "date" : 764718246.534393,
        "title" : "Untitled",
        "transform" : [
          0.07847564,
          7.916766e-09,
          -0.9969162,
          0,
          -0.1298784,
          0.9914772,
          -0.010223822,
          0,
          0.9884196,
          0.1302801,
          0.07780677,
          0,
          -2.3316593,
          -0.18865025,
          -1.3281314,
          1
        ]
      },
      {
        "date" : 764718222.085728,
        "title" : "Untitled",
        "transform" : [
          -0.010823467,
          7.174542e-09,
          0.99994135,
          0,
          0.28093836,
          0.95972097,
          0.0030409265,
          0,
          -0.95966494,
          0.2809548,
          -0.010387515,
          0,
          -12.583759,
          0.5992066,
          -0.31707358,
          1
        ]
      }
    ]
  },
  "sceneViewportBackgroundColors" : {

  },
  "selectedSceneRelativePath" : "Immersive.usda"
}