{
  "advancedEditorSelectedIdentifier" : "ProjectBrowser",
  "openSceneRelativePaths" : [
    "Immersive.usda"
  ],
  "recentIdentifiers" : {
    "1D572CEB-057A-41C3-B575-04C37501A3C0" : [

    ]
  },
  "sceneCameraHistory" : {
    "0EBF1712-DA87-4D8E-B63A-475F1731557C" : [
      {
        "date" : 764887318.502782,
        "title" : "Untitled",
        "transform" : [
          0.9561802,
          1.10094e-09,
          -0.29277885,
          0,
          -0.1561697,
          0.84586,
          -0.5100314,
          0,
          0.24764988,
          0.5334052,
          0.8087945,
          0,
          0.64049673,
          1.3795457,
          2.0917852,
          1
        ]
      },
      {
        "date" : 764887316.286695,
        "title" : "Untitled",
        "transform" : [
          0.5375357,
          1.2665922e-09,
          -0.843241,
          0,
          -0.46893445,
          0.831109,
          -0.29892886,
          0,
          0.7008251,
          0.5561097,
          0.44675076,
          0,
          1.8125439,
          1.4382665,
          1.1554315,
          1
        ]
      }
    ],
    "1D572CEB-057A-41C3-B575-04C37501A3C0" : [
      {
        "date" : 765324628.020278,
        "title" : "Untitled",
        "transform" : [
          0.58604103,
          5.219901e-09,
          -0.81028134,
          0,
          0.17700568,
          0.97584826,
          0.12802036,
          0,
          0.7907115,
          -0.21844979,
          0.5718872,
          0,
          529.2812,
          73.1476,
          358.74008,
          1
        ]
      },
      {
        "date" : 765324621.750871,
        "title" : "Untitled",
        "transform" : [
          0.5114994,
          3.9195465e-09,
          -0.8592836,
          0,
          -0.27606565,
          0.94698614,
          -0.16433164,
          0,
          0.81372964,
          0.32127404,
          0.484383,
          0,
          446.19772,
          395.07706,
          242.94029,
          1
        ]
      },
      {
        "date" : 765324612.801076,
        "title" : "Untitled",
        "transform" : [
          -0.99817574,
          2.5816005e-09,
          -0.060375933,
          0,
          -0.004943163,
          0.99664277,
          0.08172313,
          0,
          0.060173318,
          0.081872314,
          -0.9948246,
          0,
          16.083683,
          260.0744,
          -588.4733,
          1
        ]
      },
      {
        "date" : 765324610.664015,
        "title" : "Untitled",
        "transform" : [
          -0.99856114,
          2.2198745e-09,
          -0.053625155,
          0,
          0.00062056375,
          0.999933,
          -0.011556264,
          0,
          0.05362164,
          -0.011573102,
          -0.99849427,
          0,
          13.268911,
          203.98303,
          -610.25665,
          1
        ]
      },
      {
        "date" : 765324597.669512,
        "title" : "Untitled",
        "transform" : [
          0.8903126,
          -9.985314e-09,
          -0.45534992,
          0,
          0.010060697,
          0.99975586,
          0.019670881,
          0,
          0.45523873,
          -0.022094477,
          0.8900953,
          0,
          293.25937,
          197.6846,
          537.6411,
          1
        ]
      },
      {
        "date" : 765324578.166861,
        "title" : "Untitled",
        "transform" : [
          0.8903126,
          -9.985314e-09,
          -0.45534992,
          0,
          0.010060697,
          0.99975586,
          0.019670881,
          0,
          0.45523873,
          -0.022094477,
          0.8900953,
          0,
          283.099,
          201.71658,
          542.93756,
          1
        ]
      },
      {
        "date" : 765324567.13443,
        "title" : "Untitled",
        "transform" : [
          0.40117893,
          -5.4633746e-09,
          -0.91599977,
          0,
          0.2141363,
          0.9722911,
          0.0937849,
          0,
          0.8906184,
          -0.23377343,
          0.39006272,
          0,
          589.23206,
          67.17175,
          252.80296,
          1
        ]
      },
      {
        "date" : 765324544.064448,
        "title" : "Untitled",
        "transform" : [
          0.8642387,
          -5.3993885e-09,
          -0.50308186,
          0,
          0.10310408,
          0.9787735,
          0.17712131,
          0,
          0.49240315,
          -0.20494501,
          0.84589404,
          0,
          350.96533,
          69.32408,
          493.23074,
          1
        ]
      },
      {
        "date" : 765324541.56711,
        "title" : "Untitled",
        "transform" : [
          0.99119955,
          -4.606168e-09,
          -0.1323759,
          0,
          0.045088343,
          0.9402054,
          0.3376109,
          0,
          0.12446039,
          -0.34060848,
          0.9319311,
          0,
          134.99477,
          -16.176935,
          593.94763,
          1
        ]
      },
      {
        "date" : 765324510.552803,
        "title" : "Untitled",
        "transform" : [
          0.9907583,
          3.799111e-09,
          -0.1356391,
          0,
          -0.027406665,
          0.9793741,
          -0.20018838,
          0,
          0.1328413,
          0.2020556,
          0.97032297,
          0,
          125.92084,
          303.8021,
          512.9398,
          1
        ]
      }
    ],
    "24CE9EE9-A930-49E4-80F6-A38D825B1B9C" : [
      {
        "date" : 764886748.870334,
        "title" : "Untitled",
        "transform" : [
          0.35697308,
          7.011847e-09,
          0.9341147,
          0,
          0.50376815,
          0.8421136,
          -0.1925156,
          0,
          -0.78663075,
          0.53930014,
          0.3006119,
          0,
          -1.886097,
          1.6228889,
          0.7565038,
          1
        ]
      }
    ],
    "CE0D23BA-585A-4572-A01D-D4EF0DA7496F" : [
      {
        "date" : 764810580.576569,
        "title" : "Untitled",
        "transform" : [
          0.07115733,
          -7.145857e-10,
          -0.99746513,
          0,
          -0.0017292257,
          0.9999985,
          -0.00012334966,
          0,
          0.9974636,
          0.0017336188,
          0.071157195,
          0,
          3.6706133,
          0.006379558,
          0.2618547,
          1
        ]
      },
      {
        "date" : 764810579.066365,
        "title" : "Untitled",
        "transform" : [
          0.07115733,
          -7.145857e-10,
          -0.99746513,
          0,
          -0.0017292257,
          0.9999985,
          -0.00012334966,
          0,
          0.9974636,
          0.0017336188,
          0.071157195,
          0,
          3.880096,
          0.0067436406,
          0.2767988,
          1
        ]
      },
      {
        "date" : 764809322.356205,
        "title" : "Untitled",
        "transform" : [
          0.07115733,
          -7.145857e-10,
          -0.99746513,
          0,
          -0.0017292257,
          0.9999985,
          -0.00012334966,
          0,
          0.9974636,
          0.0017336188,
          0.071157195,
          0,
          2.5797405,
          0.0044836123,
          0.18403389,
          1
        ]
      },
      {
        "date" : 764809313.977463,
        "title" : "Untitled",
        "transform" : [
          -0.1805253,
          -1.7141026e-09,
          -0.9835704,
          0,
          -0.2276032,
          0.9728576,
          0.04177448,
          0,
          0.9568739,
          0.2314051,
          -0.17562541,
          0,
          2.474763,
          0.59848297,
          -0.45422,
          1
        ]
      }
    ]
  },
  "sceneViewportBackgroundColors" : {

  },
  "selectedSceneRelativePath" : "Immersive.usda"
}