{
  "advancedEditorSelectedIdentifier" : "ProjectBrowser",
  "openSceneRelativePaths" : [
    "Immersive.usda"
  ],
  "recentIdentifiers" : {
    "1D572CEB-057A-41C3-B575-04C37501A3C0" : [

    ]
  },
  "sceneCameraHistory" : {
    "0EBF1712-DA87-4D8E-B63A-475F1731557C" : [
      {
        "date" : 764887318.502782,
        "title" : "Untitled",
        "transform" : [
          0.9561802,
          1.10094e-09,
          -0.29277885,
          0,
          -0.1561697,
          0.84586,
          -0.5100314,
          0,
          0.24764988,
          0.5334052,
          0.8087945,
          0,
          0.64049673,
          1.3795457,
          2.0917852,
          1
        ]
      },
      {
        "date" : 764887316.286695,
        "title" : "Untitled",
        "transform" : [
          0.5375357,
          1.2665922e-09,
          -0.843241,
          0,
          -0.46893445,
          0.831109,
          -0.29892886,
          0,
          0.7008251,
          0.5561097,
          0.44675076,
          0,
          1.8125439,
          1.4382665,
          1.1554315,
          1
        ]
      }
    ],
    "1D572CEB-057A-41C3-B575-04C37501A3C0" : [
      {
        "date" : 765152085.8159,
        "title" : "Untitled",
        "transform" : [
          -0.58858263,
          1.0599964e-08,
          0.8084371,
          0,
          0.16960433,
          0.9777459,
          0.12348042,
          0,
          -0.79044604,
          0.20979285,
          -0.5754842,
          0,
          -283.50528,
          185.41763,
          -228.09827,
          1
        ]
      },
      {
        "date" : 765152078.024677,
        "title" : "Untitled",
        "transform" : [
          -0.15649001,
          -1.2991314e-10,
          0.98767954,
          0,
          0.050879665,
          0.99867225,
          0.008061481,
          0,
          -0.9863681,
          0.051514346,
          -0.15628223,
          0,
          -380.4275,
          124.76199,
          -80.578316,
          1
        ]
      },
      {
        "date" : 765151392.361471,
        "title" : "Untitled",
        "transform" : [
          -0.15649001,
          -1.2991314e-10,
          0.98767954,
          0,
          0.050879665,
          0.99867225,
          0.008061481,
          0,
          -0.9863681,
          0.051514346,
          -0.15628223,
          0,
          -380.88956,
          156.19418,
          -67.30114,
          1
        ]
      },
      {
        "date" : 765151294.662203,
        "title" : "Untitled",
        "transform" : [
          -0.15649001,
          -1.2991314e-10,
          0.98767954,
          0,
          0.050879665,
          0.99867225,
          0.008061481,
          0,
          -0.9863681,
          0.051514346,
          -0.15628223,
          0,
          -378.45053,
          157.01901,
          -82.42334,
          1
        ]
      },
      {
        "date" : 765151279.572796,
        "title" : "Untitled",
        "transform" : [
          -0.15155156,
          -9.414043e-09,
          0.9884494,
          0,
          0.08543081,
          0.9962581,
          0.013098473,
          0,
          -0.98475057,
          0.08642912,
          -0.15098442,
          0,
          -393.36298,
          175.38419,
          12.7295,
          1
        ]
      },
      {
        "date" : 765151239.337368,
        "title" : "Untitled",
        "transform" : [
          -0.15155156,
          -9.414043e-09,
          0.9884494,
          0,
          0.08543081,
          0.9962581,
          0.013098473,
          0,
          -0.98475057,
          0.08642912,
          -0.15098442,
          0,
          -393.36298,
          175.38419,
          12.7295,
          1
        ]
      },
      {
        "date" : 765151234.6304,
        "title" : "Untitled",
        "transform" : [
          -0.15155156,
          -9.414043e-09,
          0.9884494,
          0,
          0.08543081,
          0.9962581,
          0.013098473,
          0,
          -0.98475057,
          0.08642912,
          -0.15098442,
          0,
          -391.11353,
          7.4591293,
          -98.06732,
          1
        ]
      },
      {
        "date" : 765151173.984856,
        "title" : "Untitled",
        "transform" : [
          -0.15155156,
          -9.414043e-09,
          0.9884494,
          0,
          0.08543081,
          0.9962581,
          0.013098473,
          0,
          -0.98475057,
          0.08642912,
          -0.15098442,
          0,
          -391.11353,
          7.4591293,
          -98.06732,
          1
        ]
      },
      {
        "date" : 765147447.26675,
        "title" : "Untitled",
        "transform" : [
          -0.15155149,
          -1.4896763e-08,
          0.98844934,
          0,
          0.08543081,
          0.996258,
          0.013098467,
          0,
          -0.98475057,
          0.0864291,
          -0.1509844,
          0,
          -1072.2599,
          288.6272,
          -256.0348,
          1
        ]
      },
      {
        "date" : 765147434.842197,
        "title" : "Untitled",
        "transform" : [
          0.91739583,
          3.3962149e-09,
          0.39797592,
          0,
          -0.07522994,
          0.98197114,
          0.1734166,
          0,
          -0.39080086,
          -0.18903136,
          0.9008562,
          0,
          -630.9554,
          -190.31233,
          932.1068,
          1
        ]
      }
    ],
    "24CE9EE9-A930-49E4-80F6-A38D825B1B9C" : [
      {
        "date" : 764886748.870334,
        "title" : "Untitled",
        "transform" : [
          0.35697308,
          7.011847e-09,
          0.9341147,
          0,
          0.50376815,
          0.8421136,
          -0.1925156,
          0,
          -0.78663075,
          0.53930014,
          0.3006119,
          0,
          -1.886097,
          1.6228889,
          0.7565038,
          1
        ]
      }
    ],
    "CE0D23BA-585A-4572-A01D-D4EF0DA7496F" : [
      {
        "date" : 764810580.576569,
        "title" : "Untitled",
        "transform" : [
          0.07115733,
          -7.145857e-10,
          -0.99746513,
          0,
          -0.0017292257,
          0.9999985,
          -0.00012334966,
          0,
          0.9974636,
          0.0017336188,
          0.071157195,
          0,
          3.6706133,
          0.006379558,
          0.2618547,
          1
        ]
      },
      {
        "date" : 764810579.066365,
        "title" : "Untitled",
        "transform" : [
          0.07115733,
          -7.145857e-10,
          -0.99746513,
          0,
          -0.0017292257,
          0.9999985,
          -0.00012334966,
          0,
          0.9974636,
          0.0017336188,
          0.071157195,
          0,
          3.880096,
          0.0067436406,
          0.2767988,
          1
        ]
      },
      {
        "date" : 764809322.356205,
        "title" : "Untitled",
        "transform" : [
          0.07115733,
          -7.145857e-10,
          -0.99746513,
          0,
          -0.0017292257,
          0.9999985,
          -0.00012334966,
          0,
          0.9974636,
          0.0017336188,
          0.071157195,
          0,
          2.5797405,
          0.0044836123,
          0.18403389,
          1
        ]
      },
      {
        "date" : 764809313.977463,
        "title" : "Untitled",
        "transform" : [
          -0.1805253,
          -1.7141026e-09,
          -0.9835704,
          0,
          -0.2276032,
          0.9728576,
          0.04177448,
          0,
          0.9568739,
          0.2314051,
          -0.17562541,
          0,
          2.474763,
          0.59848297,
          -0.45422,
          1
        ]
      }
    ]
  },
  "sceneViewportBackgroundColors" : {

  },
  "selectedSceneRelativePath" : "Immersive.usda"
}