{
  "advancedEditorSelectedIdentifier" : "ProjectBrowser",
  "openSceneRelativePaths" : [
    "Immersive.usda"
  ],
  "recentIdentifiers" : {
    "1D572CEB-057A-41C3-B575-04C37501A3C0" : [

    ]
  },
  "sceneCameraHistory" : {
    "0EBF1712-DA87-4D8E-B63A-475F1731557C" : [
      {
        "date" : 764887318.502782,
        "title" : "Untitled",
        "transform" : [
          0.9561802,
          1.10094e-09,
          -0.29277885,
          0,
          -0.1561697,
          0.84586,
          -0.5100314,
          0,
          0.24764988,
          0.5334052,
          0.8087945,
          0,
          0.64049673,
          1.3795457,
          2.0917852,
          1
        ]
      },
      {
        "date" : 764887316.286695,
        "title" : "Untitled",
        "transform" : [
          0.5375357,
          1.2665922e-09,
          -0.843241,
          0,
          -0.46893445,
          0.831109,
          -0.29892886,
          0,
          0.7008251,
          0.5561097,
          0.44675076,
          0,
          1.8125439,
          1.4382665,
          1.1554315,
          1
        ]
      }
    ],
    "1D572CEB-057A-41C3-B575-04C37501A3C0" : [
      {
        "date" : 766016644.775264,
        "title" : "Untitled",
        "transform" : [
          0.9996375,
          -0.0018434861,
          -0.026862253,
          0,
          -0.02538168,
          0.26843417,
          -0.96296364,
          0,
          0.008985959,
          0.9632963,
          0.26829004,
          0,
          278.57812,
          199.28621,
          338.5983,
          1
        ]
      },
      {
        "date" : 766016642.522013,
        "title" : "Untitled",
        "transform" : [
          0.999637,
          -0.0018434852,
          -0.02686224,
          0,
          -0.02538168,
          0.26843417,
          -0.96296364,
          0,
          0.008985959,
          0.9632963,
          0.26829004,
          0,
          260.3408,
          203.28947,
          324.8353,
          1
        ]
      },
      {
        "date" : 766016635.625398,
        "title" : "Untitled",
        "transform" : [
          0.9846753,
          -0.0018434863,
          0.17438763,
          0,
          -0.17421821,
          0.03491411,
          0.9840879,
          0,
          -0.00790274,
          -0.99938864,
          0.03405789,
          0,
          244.51486,
          -183.37585,
          446.8051,
          1
        ]
      },
      {
        "date" : 766016629.176099,
        "title" : "Untitled",
        "transform" : [
          0.9305854,
          -0.0018434861,
          -0.36607018,
          0,
          -0.36343104,
          0.11531259,
          -0.9244571,
          0,
          0.04391673,
          0.9933275,
          0.10663823,
          0,
          238.90768,
          195.48622,
          306.13773,
          1
        ]
      },
      {
        "date" : 766016389.592705,
        "title" : "Untitled",
        "transform" : [
          0.9305854,
          -0.0018434861,
          -0.36607018,
          0,
          -0.36343104,
          0.11531259,
          -0.9244571,
          0,
          0.04391673,
          0.9933275,
          0.10663823,
          0,
          240.65265,
          198.01059,
          281.90485,
          1
        ]
      },
      {
        "date" : 766016381.503285,
        "title" : "Untitled",
        "transform" : [
          0.99448675,
          1.7858083e-08,
          -0.10486164,
          0,
          -0.10477685,
          0.04019827,
          -0.993683,
          0,
          0.0042151096,
          0.9991917,
          0.039976798,
          0,
          237.7122,
          199.97366,
          281.91412,
          1
        ]
      },
      {
        "date" : 766016374.656819,
        "title" : "Untitled",
        "transform" : [
          0.9717336,
          1.134646e-08,
          -0.23608,
          0,
          -0.2273403,
          0.26957247,
          -0.9357601,
          0,
          0.06364057,
          0.9629801,
          0.26195288,
          0,
          235.14258,
          202.17189,
          322.4139,
          1
        ]
      },
      {
        "date" : 766016360.950677,
        "title" : "Untitled",
        "transform" : [
          0.9195035,
          -4.7203823e-09,
          -0.393082,
          0,
          -0.16517574,
          0.90742826,
          -0.3863818,
          0,
          0.35669363,
          0.42020684,
          0.8343836,
          0,
          267.1036,
          140.32013,
          462.44308,
          1
        ]
      },
      {
        "date" : 766016347.15313,
        "title" : "Untitled",
        "transform" : [
          0.54376805,
          4.6304045e-09,
          -0.83923554,
          0,
          -0.20797025,
          0.9688088,
          -0.13475075,
          0,
          0.81305885,
          0.247809,
          0.5268075,
          0,
          371.54028,
          109.86618,
          436.39432,
          1
        ]
      },
      {
        "date" : 766016339.353455,
        "title" : "Untitled",
        "transform" : [
          0.54376805,
          4.6304045e-09,
          -0.83923554,
          0,
          -0.20797025,
          0.9688088,
          -0.13475075,
          0,
          0.81305885,
          0.247809,
          0.5268075,
          0,
          358.58313,
          112.10339,
          455.33963,
          1
        ]
      }
    ],
    "24CE9EE9-A930-49E4-80F6-A38D825B1B9C" : [
      {
        "date" : 764886748.870334,
        "title" : "Untitled",
        "transform" : [
          0.35697308,
          7.011847e-09,
          0.9341147,
          0,
          0.50376815,
          0.8421136,
          -0.1925156,
          0,
          -0.78663075,
          0.53930014,
          0.3006119,
          0,
          -1.886097,
          1.6228889,
          0.7565038,
          1
        ]
      }
    ],
    "CE0D23BA-585A-4572-A01D-D4EF0DA7496F" : [
      {
        "date" : 764810580.576569,
        "title" : "Untitled",
        "transform" : [
          0.07115733,
          -7.145857e-10,
          -0.99746513,
          0,
          -0.0017292257,
          0.9999985,
          -0.00012334966,
          0,
          0.9974636,
          0.0017336188,
          0.071157195,
          0,
          3.6706133,
          0.006379558,
          0.2618547,
          1
        ]
      },
      {
        "date" : 764810579.066365,
        "title" : "Untitled",
        "transform" : [
          0.07115733,
          -7.145857e-10,
          -0.99746513,
          0,
          -0.0017292257,
          0.9999985,
          -0.00012334966,
          0,
          0.9974636,
          0.0017336188,
          0.071157195,
          0,
          3.880096,
          0.0067436406,
          0.2767988,
          1
        ]
      },
      {
        "date" : 764809322.356205,
        "title" : "Untitled",
        "transform" : [
          0.07115733,
          -7.145857e-10,
          -0.99746513,
          0,
          -0.0017292257,
          0.9999985,
          -0.00012334966,
          0,
          0.9974636,
          0.0017336188,
          0.071157195,
          0,
          2.5797405,
          0.0044836123,
          0.18403389,
          1
        ]
      },
      {
        "date" : 764809313.977463,
        "title" : "Untitled",
        "transform" : [
          -0.1805253,
          -1.7141026e-09,
          -0.9835704,
          0,
          -0.2276032,
          0.9728576,
          0.04177448,
          0,
          0.9568739,
          0.2314051,
          -0.17562541,
          0,
          2.474763,
          0.59848297,
          -0.45422,
          1
        ]
      }
    ]
  },
  "sceneViewportBackgroundColors" : {

  },
  "selectedSceneRelativePath" : "Immersive.usda"
}