{
  "advancedEditorSelectedIdentifier" : "ProjectBrowser",
  "openSceneRelativePaths" : [
    "Immersive.usda"
  ],
  "recentIdentifiers" : {
    "1D572CEB-057A-41C3-B575-04C37501A3C0" : [

    ]
  },
  "sceneCameraHistory" : {
    "1D572CEB-057A-41C3-B575-04C37501A3C0" : [
      {
        "date" : 762465122.262728,
        "title" : "Untitled",
        "transform" : [
          -0.48393202,
          2.256584e-08,
          -0.8751056,
          0,
          0.08300913,
          0.99549097,
          -0.045903966,
          0,
          0.8711598,
          -0.09485614,
          -0.48174983,
          0,
          1.6027721,
          0.6187314,
          -0.49495623,
          1
        ]
      },
      {
        "date" : 762465083.703773,
        "title" : "Untitled",
        "transform" : [
          0.89892834,
          2.1851221e-08,
          -0.4380958,
          0,
          0.098327585,
          0.9744872,
          0.20175816,
          0,
          0.42691863,
          -0.224443,
          0.8759942,
          0,
          0.43452635,
          0.3992381,
          1.6733824,
          1
        ]
      },
      {
        "date" : 762465080.967124,
        "title" : "Untitled",
        "transform" : [
          0.9461896,
          -1.3921621e-08,
          -0.32361305,
          0,
          0.32312188,
          0.055075813,
          0.94475347,
          0,
          0.017823104,
          -0.9984823,
          0.05211225,
          0,
          -0.08180676,
          -1.4376045,
          0.8191546,
          1
        ]
      },
      {
        "date" : 762465066.961528,
        "title" : "Untitled",
        "transform" : [
          0.5044802,
          -1.7032633e-08,
          -0.86342335,
          0,
          0.35020128,
          0.91405237,
          0.20461525,
          0,
          0.789214,
          -0.40559626,
          0.4611214,
          0,
          1.3111868,
          0.07182457,
          1.1627686,
          1
        ]
      },
      {
        "date" : 762465039.787709,
        "title" : "Untitled",
        "transform" : [
          -0.57789356,
          -1.7321618e-08,
          0.81611204,
          0,
          0.0013593524,
          0.9999987,
          0.0009625916,
          0,
          -0.8161109,
          0.0016656581,
          -0.5778929,
          0,
          -1.0958995,
          0.7748443,
          -1.1956776,
          1
        ]
      },
      {
        "date" : 762465006.350671,
        "title" : "Untitled",
        "transform" : [
          -0.9891655,
          -1.0844593e-08,
          0.14680487,
          0,
          -0.04325249,
          0.9556128,
          -0.2914336,
          0,
          -0.14028846,
          -0.29462573,
          -0.94525915,
          0,
          0.08757818,
          0.27539712,
          -1.7428887,
          1
        ]
      },
      {
        "date" : 762464981.904186,
        "title" : "Untitled",
        "transform" : [
          -0.31885445,
          -7.330871e-09,
          -0.94780374,
          0,
          0.029473824,
          0.99951637,
          -0.009915405,
          0,
          0.94734526,
          -0.031096978,
          -0.31870008,
          0,
          1.6316463,
          0.72254837,
          -0.18755339,
          1
        ]
      },
      {
        "date" : 762464949.996262,
        "title" : "Untitled",
        "transform" : [
          0.4441948,
          -6.621182e-09,
          0.8959303,
          0,
          0.09836666,
          0.9939545,
          -0.048769377,
          0,
          -0.8905139,
          0.10979277,
          0.4415093,
          0,
          -1.4997541,
          0.94238067,
          0.36128825,
          1
        ]
      },
      {
        "date" : 762464878.907651,
        "title" : "Untitled",
        "transform" : [
          0.13727047,
          -8.277339e-09,
          0.99053353,
          0,
          0.02663044,
          0.9996385,
          -0.0036905094,
          0,
          -0.99017555,
          0.026884932,
          0.13722079,
          0,
          -1.1328712,
          0.77048486,
          -0.262789,
          1
        ]
      },
      {
        "date" : 762464650.550082,
        "title" : "Untitled",
        "transform" : [
          0.11554564,
          7.575626e-08,
          0.9933021,
          0,
          -0.32787445,
          0.94395113,
          0.038139902,
          0,
          -0.9376287,
          -0.3300852,
          0.10906944,
          0,
          -2.3194492,
          0.35692847,
          0.30852693,
          1
        ]
      }
    ]
  },
  "sceneViewportBackgroundColors" : {

  },
  "selectedSceneRelativePath" : "Immersive.usda"
}