{
  "advancedEditorSelectedIdentifier" : "BehaviorsPluginID",
  "openSceneRelativePaths" : [
    "Immersive.usda",
    "Scene.usda",
    "Honda_experiment.usda"
  ],
  "recentIdentifiers" : {
    "1D572CEB-057A-41C3-B575-04C37501A3C0" : [

    ],
    "D66134B1-3681-4A8E-AFE5-29F257229F3B" : [

    ]
  },
  "sceneCameraHistory" : {
    "1D572CEB-057A-41C3-B575-04C37501A3C0" : [
      {
        "date" : 760399785.895224,
        "title" : "Untitled",
        "transform" : [
          0.48998207,
          3.5547718e-08,
          0.87173253,
          0,
          0.25019112,
          0.9579292,
          -0.14062707,
          0,
          -0.83505803,
          0.28700447,
          0.4693681,
          0,
          -2.6704648,
          1.8131073,
          1.6027383,
          1
        ]
      },
      {
        "date" : 760399724.665562,
        "title" : "Untitled",
        "transform" : [
          0.8056971,
          2.6214943e-06,
          0.59232765,
          0,
          0.15086426,
          0.96702,
          -0.20521314,
          0,
          -0.57279325,
          0.25470072,
          0.77912474,
          0,
          -2.0861819,
          1.2666831,
          0.8569638,
          1
        ]
      },
      {
        "date" : 760399705.851291,
        "title" : "Untitled",
        "transform" : [
          0.8457091,
          2.6276539e-06,
          0.5336443,
          0,
          0.2291769,
          0.9030859,
          -0.3631995,
          0,
          -0.4819276,
          0.42946005,
          0.7637472,
          0,
          -1.8770536,
          1.6016294,
          0.7761967,
          1
        ]
      },
      {
        "date" : 760398683.260693,
        "title" : "Untitled",
        "transform" : [
          0.91333836,
          2.6177818e-06,
          0.40720153,
          0,
          0.042848654,
          0.99444765,
          -0.09611438,
          0,
          -0.4049408,
          0.10523298,
          0.90826696,
          0,
          -1.9249861,
          0.96019816,
          1.4364806,
          1
        ]
      },
      {
        "date" : 760398677.334378,
        "title" : "Untitled",
        "transform" : [
          0.32281786,
          1.8169295e-08,
          0.9464611,
          0,
          0.1930268,
          0.97898215,
          -0.065837376,
          0,
          -0.92656857,
          0.20394588,
          0.31603292,
          0,
          -3.9549382,
          1.0915866,
          -0.79282236,
          1
        ]
      },
      {
        "date" : 760398664.481368,
        "title" : "Untitled",
        "transform" : [
          0.995991,
          5.1488314e-07,
          -0.089452714,
          0,
          -0.066710226,
          0.66621935,
          -0.7427661,
          0,
          0.059594747,
          0.7457558,
          0.6635485,
          0,
          -0.2078438,
          2.1184587,
          1.7677705,
          1
        ]
      },
      {
        "date" : 760398614.676651,
        "title" : "Untitled",
        "transform" : [
          0.9995712,
          3.390575e-05,
          -0.029283589,
          0,
          -0.0128434505,
          0.89919513,
          -0.43735945,
          0,
          0.026316829,
          0.43754795,
          0.89880985,
          0,
          -0.120683916,
          3.07025,
          2.6323698,
          1
        ]
      },
      {
        "date" : 760398606.431139,
        "title" : "Untitled",
        "transform" : [
          0.9995712,
          3.390575e-05,
          -0.029283589,
          0,
          -0.0128434505,
          0.89919513,
          -0.43735945,
          0,
          0.026316829,
          0.43754795,
          0.89880985,
          0,
          -0.05067843,
          2.13683,
          1.6945964,
          1
        ]
      },
      {
        "date" : 760390245.292753,
        "title" : "Untitled",
        "transform" : [
          1,
          0,
          0,
          0,
          0,
          0.7071069,
          -0.70710677,
          0,
          0,
          0.70710677,
          0.7071069,
          0,
          0,
          1.4066558,
          1.4066559,
          1
        ]
      }
    ],
    "4F2AE3AD-5F60-4EC4-8736-798ED98C87B2" : [
      {
        "date" : 760390486.692606,
        "title" : "Untitled",
        "transform" : [
          0.9974639,
          -1.1084341e-09,
          -0.07117443,
          0,
          -0.042265043,
          0.8045955,
          -0.5923174,
          0,
          0.057266623,
          0.59382343,
          0.8025549,
          0,
          -0.042764902,
          0.33653116,
          0.5085676,
          1
        ]
      }
    ],
    "D66134B1-3681-4A8E-AFE5-29F257229F3B" : [
      {
        "date" : 760398542.635177,
        "title" : "Untitled",
        "transform" : [
          0.026258571,
          -2.4858032e-10,
          -0.9996552,
          0,
          -0.3724064,
          0.9280182,
          -0.009782233,
          0,
          0.9276982,
          0.37253484,
          0.024368431,
          0,
          0.79890734,
          0.37419754,
          -0.16375023,
          1
        ]
      },
      {
        "date" : 760398484.864154,
        "title" : "Untitled",
        "transform" : [
          0.016809594,
          -3.392935e-07,
          -0.99985874,
          0,
          -0.76331854,
          0.6458949,
          -0.012833106,
          0,
          0.64580363,
          0.76342636,
          0.010856971,
          0,
          0.49119732,
          0.7223732,
          -0.96128416,
          1
        ]
      },
      {
        "date" : 760398333.681042,
        "title" : "Untitled",
        "transform" : [
          0.016809594,
          -3.392935e-07,
          -0.99985874,
          0,
          -0.76331854,
          0.6458949,
          -0.012833106,
          0,
          0.64580363,
          0.76342636,
          0.010856971,
          0,
          0.77435535,
          1.0688486,
          -0.8612881,
          1
        ]
      },
      {
        "date" : 760398288.711676,
        "title" : "Untitled",
        "transform" : [
          0.016809594,
          -3.392935e-07,
          -0.99985874,
          0,
          -0.76331854,
          0.6458949,
          -0.012833106,
          0,
          0.64580363,
          0.76342636,
          0.010856971,
          0,
          1.627848,
          3.085283,
          -0.5598807,
          1
        ]
      },
      {
        "date" : 760398245.997528,
        "title" : "Untitled",
        "transform" : [
          0.9999106,
          0.00037736038,
          0.013368138,
          0,
          0.0077670324,
          0.79735047,
          -0.6034667,
          0,
          -0.010886814,
          0.60351646,
          0.79727614,
          0,
          -0.0350462,
          2.5120413,
          -0.3796506,
          1
        ]
      },
      {
        "date" : 760398227.594583,
        "title" : "Untitled",
        "transform" : [
          0.80128574,
          4.2699508e-06,
          -0.59828174,
          0,
          -0.3380893,
          0.8250253,
          -0.45280105,
          0,
          0.4935957,
          0.5650957,
          0.6610825,
          0,
          3.5696428,
          5.5146465,
          3.2389708,
          1
        ]
      },
      {
        "date" : 760398220.773985,
        "title" : "Untitled",
        "transform" : [
          0.9893707,
          1.7955674e-08,
          -0.14541538,
          0,
          -0.058407944,
          0.91578764,
          -0.39739326,
          0,
          0.1331696,
          0.40166268,
          0.9060535,
          0,
          0.8536917,
          4.3617496,
          3.202336,
          1
        ]
      },
      {
        "date" : 760398122.339872,
        "title" : "Untitled",
        "transform" : [
          0.81695986,
          -0.00013834373,
          -0.5766946,
          0,
          -0.2099216,
          0.93132436,
          -0.29760355,
          0,
          0.5371309,
          0.36419082,
          0.7608256,
          0,
          5.9371543,
          7.593548,
          2.867352,
          1
        ]
      },
      {
        "date" : 760398112.244851,
        "title" : "Untitled",
        "transform" : [
          0.99460286,
          2.1292816e-09,
          -0.10375532,
          0,
          -0.0357205,
          0.9388684,
          -0.34241825,
          0,
          0.097412564,
          0.34427634,
          0.9338012,
          0,
          0.3572474,
          9.614963,
          6.030588,
          1
        ]
      },
      {
        "date" : 760398110.974579,
        "title" : "Untitled",
        "transform" : [
          0.9944687,
          1.4285063e-09,
          -0.10503265,
          0,
          -0.025914311,
          0.9690853,
          -0.24536154,
          0,
          0.10178559,
          0.24672621,
          0.96372503,
          0,
          0.5287001,
          5.8613605,
          7.2123547,
          1
        ]
      }
    ]
  },
  "sceneViewportBackgroundColors" : {

  },
  "selectedSceneRelativePath" : "Immersive.usda"
}